100																																																																																																			
125	336	344	441	290	576	224	373	459	498	559	522	415	531	314	543	163	365	472	592	247	119	324	455	184	165	319	330	252	434	475	495	404	249	216	359	373	211	348	422	267	382	426	360	485	587	551	483	266	276	109	445	269	430	440	224	108	500	435	300	411	165	571	253	541	427	148	434	309	168	522	188	429	571	177	512	419	505	397	331	514	407	508	365	306	473	166	290	518	593	575	574	501	260	391	277	161	548	239	377
373	371	349	279	260	372	293	301	167	157	401	508	593	548	578	520	282	137	520	548	113	588	426	596	473	126	260	124	404	248	344	557	486	302	470	131	375	202	405	244	203	417	173	483	443	467	298	167	594	300	464	360	315	417	343	438	442	415	130	255	556	331	525	151	356	197	200	464	237	356	214	482	160	431	581	209	451	419	368	155	402	237	453	103	108	501	480	251	292	449	105	116	502	524	135	519	592	330	281	521
572	130	568	593	593	226	316	154	323	179	451	523	417	195	462	159	438	256	231	533	147	361	185	566	339	414	167	293	239	399	292	367	128	251	544	216	447	412	102	261	347	349	447	268	534	476	446	132	337	399	508	138	497	363	117	424	539	591	292	427	403	320	169	286	288	147	404	243	257	121	314	330	165	207	538	150	530	549	267	491	509	473	388	181	475	268	409	247	105	145	184	553	538	347	287	167	397	216	490	124
261	429	295	142	459	389	515	462	354	278	472	285	400	430	390	305	288	548	357	500	499	555	366	146	427	115	167	281	500	176	131	502	527	479	530	159	564	463	394	178	116	130	413	413	390	117	202	436	473	556	158	303	171	196	157	452	316	179	346	296	343	403	430	211	542	559	455	397	391	256	284	403	139	557	344	410	290	411	527	327	578	344	597	231	131	382	299	230	255	335	478	284	144	157	117	449	235	198	323	479
503	545	159	225	307	558	512	407	365	524	293	292	555	571	370	160	532	517	323	377	456	292	417	577	583	168	503	244	498	318	207	381	292	280	399	149	572	517	489	294	514	358	122	263	413	159	131	341	435	166	344	315	404	356	138	519	416	408	487	160	388	164	119	422	223	379	545	285	445	261	448	282	468	290	304	152	456	307	233	249	425	496	331	119	316	528	521	332	518	418	517	431	434	506	303	195	316	525	129	438
401	155	220	506	149	548	326	491	530	391	226	531	385	588	453	386	246	101	271	309	492	542	107	181	257	447	362	508	577	106	372	475	300	162	427	545	552	109	429	548	232	127	499	256	156	231	411	348	498	121	274	430	565	474	404	464	393	254	174	589	591	400	174	488	182	309	401	498	532	574	572	301	378	117	163	500	362	424	567	279	414	362	347	441	371	395	119	594	241	363	403	577	351	433	429	298	565	471	124	537
495	319	442	142	467	341	290	383	439	393	118	332	268	154	103	575	167	420	520	164	412	228	335	585	138	358	572	325	322	215	305	105	263	409	558	117	402	201	364	544	439	522	593	423	207	547	444	257	236	301	487	209	418	310	217	110	214	143	343	359	359	166	192	315	429	155	531	137	205	204	209	465	517	214	563	551	282	345	295	341	423	399	237	114	405	354	148	293	491	171	359	147	268	291	388	269	354	431	365	265
500	240	520	366	419	321	563	506	503	563	336	385	579	189	491	228	436	502	591	427	513	555	543	399	496	371	594	503	328	232	550	338	378	278	317	520	563	335	513	297	497	397	318	317	118	586	248	262	242	398	243	141	124	469	171	392	492	538	136	354	274	158	423	411	228	376	438	596	353	345	477	578	153	553	103	256	317	147	442	316	131	210	428	350	318	527	574	572	366	238	571	443	394	459	588	561	132	154	483	359
125	593	585	500	137	256	470	388	366	388	423	448	320	473	563	595	201	223	413	532	118	547	157	220	283	504	305	495	400	356	128	225	248	281	245	354	158	289	581	438	441	446	272	151	322	597	386	555	459	560	512	334	449	443	365	560	244	395	494	263	591	321	528	240	179	156	492	488	313	322	360	539	228	534	193	241	444	419	238	449	569	282	304	340	141	442	298	184	177	594	471	306	276	309	321	519	430	518	407	327
242	404	208	469	160	128	469	572	578	105	239	580	401	125	104	275	534	132	191	237	303	299	321	135	393	497	286	241	521	208	322	254	283	134	416	157	270	270	257	226	425	424	124	218	263	273	258	325	192	247	187	464	229	578	565	146	562	252	297	199	596	236	527	339	238	218	368	104	220	510	480	405	127	391	262	103	213	575	114	438	549	249	250	239	242	153	366	563	363	497	451	156	203	128	489	415	325	327	566	190
427	227	480	171	591	477	573	536	133	505	359	373	460	136	512	204	476	232	162	520	225	413	430	250	192	351	213	134	116	273	369	583	275	534	248	345	118	132	499	575	219	412	213	586	244	246	505	474	517	373	532	407	445	254	408	377	249	184	218	531	548	572	347	257	249	169	102	544	479	109	540	584	428	380	125	348	590	338	570	103	447	526	403	395	137	351	552	477	242	567	472	346	231	392	385	533	174	425	491	524
345	166	392	319	348	166	355	354	371	404	223	418	439	345	484	433	310	151	390	135	340	384	247	507	138	238	323	127	194	474	167	204	415	329	411	400	369	481	243	412	339	577	391	449	348	194	283	193	185	491	563	550	282	271	445	565	368	270	140	234	471	358	490	514	103	264	199	532	496	494	219	417	239	101	172	594	588	401	367	139	255	587	496	244	465	110	270	528	457	274	537	331	149	249	111	208	488	552	477	123
586	373	301	275	111	278	496	494	241	340	249	385	206	525	599	587	100	342	264	289	540	547	575	138	177	160	233	419	572	307	370	360	432	139	124	145	469	301	107	203	568	188	401	430	191	472	449	142	577	264	196	226	371	294	217	200	267	134	140	369	432	323	237	472	214	273	319	449	293	370	570	489	455	163	465	469	245	396	436	330	272	412	585	560	273	321	432	401	467	205	582	539	175	305	356	132	366	155	263	362
474	514	355	339	127	298	326	337	340	234	425	564	141	599	214	411	175	309	234	234	240	207	447	277	513	543	330	312	574	128	529	213	596	552	597	589	191	437	147	155	221	337	226	263	567	459	417	204	461	148	125	210	211	113	203	363	219	427	564	376	467	254	584	172	435	564	379	542	259	123	114	549	165	207	341	255	269	213	404	489	138	546	487	103	426	554	464	154	325	440	591	430	261	393	304	439	144	402	361	216
384	519	348	394	170	543	525	514	442	229	546	532	237	102	560	132	237	291	375	176	400	102	203	166	250	585	316	553	326	295	199	384	572	241	203	427	313	376	264	383	205	521	427	110	570	194	582	379	167	321	374	218	553	417	119	163	373	222	202	582	318	335	595	134	591	544	293	333	340	357	381	213	362	513	269	400	598	434	475	508	360	590	400	382	341	122	212	328	191	278	559	239	397	258	210	368	550	108	423	552
249	517	426	173	547	111	295	261	204	341	531	185	534	371	421	287	536	543	190	415	113	540	377	179	292	571	230	309	505	337	178	599	275	407	404	331	149	126	253	237	236	348	130	385	396	317	200	431	527	115	105	505	287	383	432	474	154	479	578	235	300	490	142	366	228	495	423	286	239	323	545	151	123	294	218	491	494	178	591	416	404	423	325	284	291	573	378	427	168	319	242	429	177	174	215	359	534	146	356	371
228	202	472	553	333	522	469	588	404	214	205	189	380	531	153	183	401	310	439	258	178	218	540	131	425	419	167	177	564	513	131	166	196	431	274	532	252	254	109	136	488	481	570	118	100	123	399	570	566	438	514	451	139	283	354	257	169	250	270	233	209	184	265	472	410	137	393	142	179	346	183	514	151	259	325	156	497	487	464	282	464	499	177	286	263	190	328	129	236	554	129	423	131	596	319	228	128	553	431	149
543	372	251	420	380	244	588	239	263	124	300	222	332	555	234	216	261	242	128	580	517	222	379	451	509	145	310	370	436	252	431	577	560	200	459	231	490	583	181	179	266	190	146	232	552	428	142	120	382	156	554	539	115	311	343	194	147	309	580	255	541	111	234	518	586	310	483	599	298	430	313	312	334	231	193	390	416	207	529	544	100	302	206	111	152	285	405	111	418	517	510	549	104	154	560	526	420	374	216	529
323	537	145	181	347	225	362	136	540	185	544	476	315	523	482	126	242	124	117	349	197	420	476	143	483	137	353	569	286	511	109	162	244	580	114	512	368	566	322	125	402	446	267	195	441	491	372	182	299	200	453	456	413	331	531	590	255	128	272	379	571	454	208	460	346	298	187	535	243	353	263	464	455	248	262	535	506	185	596	225	185	341	450	444	285	203	372	245	503	296	190	541	487	267	260	512	545	422	591	121
508	161	513	383	134	344	315	476	167	229	228	200	487	539	503	551	318	210	243	469	515	252	547	408	287	191	262	430	303	383	246	193	375	433	133	264	485	289	483	440	192	557	426	325	137	531	523	319	321	365	222	431	568	257	583	456	506	115	132	289	574	403	484	544	251	306	352	100	222	471	384	568	401	314	232	445	324	463	480	133	332	132	578	377	289	148	359	566	434	467	117	268	441	119	242	108	274	218	143	171
149	528	295	566	549	465	204	516	151	199	583	591	427	473	152	497	552	220	139	106	269	513	521	187	195	116	442	297	319	127	587	423	560	371	564	571	419	409	441	491	144	181	352	484	598	493	120	263	451	414	395	320	260	213	480	513	357	193	406	223	153	307	283	181	399	587	291	440	421	572	513	248	202	196	515	221	515	228	173	464	281	501	418	483	341	316	243	357	243	245	486	314	160	561	282	337	433	410	306	209
530	550	488	492	244	201	262	561	580	403	410	455	429	159	335	287	563	115	550	403	436	542	165	426	423	462	322	229	439	230	482	164	145	534	144	222	547	381	457	504	254	314	365	414	257	317	265	145	230	287	569	381	473	158	223	442	533	235	378	438	129	557	177	201	372	219	589	427	578	500	296	256	409	384	448	271	163	181	263	483	576	276	546	496	498	239	540	538	171	246	370	502	460	287	350	572	327	139	593	489
114	209	190	443	235	208	155	264	176	512	183	188	181	355	210	516	353	451	523	388	126	573	195	349	102	172	318	524	333	395	222	141	229	379	266	579	130	515	330	233	215	121	290	257	505	274	455	505	114	403	548	595	244	167	438	445	590	133	553	231	182	339	183	541	165	154	568	306	193	319	411	375	450	429	267	373	357	413	114	549	566	525	208	223	446	150	568	289	223	248	266	562	181	595	507	329	323	423	343	279
550	138	155	333	397	588	288	502	176	505	513	529	316	184	561	477	414	104	298	504	467	295	177	242	241	418	497	573	577	340	441	430	314	111	363	355	188	579	560	548	555	213	484	246	331	128	530	300	574	523	403	579	162	573	480	365	263	267	201	581	364	558	547	331	376	500	546	338	555	145	583	376	257	443	390	134	458	225	447	483	579	596	442	200	525	349	503	542	446	112	389	533	160	372	217	525	109	188	406	113
550	337	553	230	338	397	265	369	178	501	428	555	353	516	260	411	460	405	185	427	350	501	114	515	419	495	508	288	277	199	169	114	389	341	223	382	308	138	594	404	568	433	241	139	394	510	350	428	598	451	496	268	357	346	393	194	210	125	494	349	135	348	573	194	175	122	322	294	384	567	514	420	502	277	244	305	224	231	579	573	203	342	258	283	356	220	585	367	136	559	527	350	441	382	111	368	531	409	106	517
362	518	538	385	284	252	271	332	145	454	373	581	288	564	529	297	112	304	315	539	572	179	105	509	396	383	476	134	270	220	415	593	550	504	371	597	470	544	566	107	116	536	425	186	339	153	597	383	490	296	518	178	294	474	511	347	359	151	274	314	105	564	359	462	229	580	476	326	197	289	507	398	189	578	232	219	366	522	465	368	180	278	113	460	528	275	362	546	349	443	421	392	172	194	251	317	569	585	484	282
160	335	600	224	428	584	509	510	327	530	226	385	340	185	230	280	387	224	308	551	245	413	398	569	263	289	495	191	548	490	529	370	209	468	490	485	546	381	331	272	397	272	561	461	376	103	314	102	595	386	380	309	589	255	563	380	277	136	586	384	146	452	109	542	364	501	555	113	452	479	578	181	221	222	230	344	291	299	468	580	386	127	510	163	333	379	156	151	593	217	310	562	129	208	249	112	339	435	471	494
189	307	532	260	569	548	366	576	434	491	120	381	271	542	539	144	123	426	464	176	288	449	405	100	594	511	351	388	373	409	550	287	584	386	361	257	113	197	552	367	122	114	265	145	188	238	234	426	344	225	100	377	246	104	419	514	530	552	518	407	404	447	310	499	507	580	287	313	426	502	192	309	397	474	439	503	501	152	187	589	396	557	316	315	232	374	425	206	552	349	373	183	167	343	513	352	385	266	209	540
453	351	118	555	410	195	361	138	516	202	217	188	489	294	194	271	311	260	303	196	157	143	559	420	162	252	378	193	475	172	274	453	317	104	566	129	169	211	293	414	312	553	507	559	394	571	336	259	164	464	226	115	396	408	109	201	230	256	456	503	128	102	161	521	459	483	158	153	266	502	435	285	534	295	360	289	435	197	278	361	449	452	144	108	415	311	195	451	388	495	191	287	107	210	168	538	596	329	299	438
516	163	372	543	241	101	487	454	495	597	281	357	292	291	480	374	334	152	576	495	582	366	467	104	468	260	415	246	162	458	343	574	492	459	174	122	312	453	402	323	361	336	494	315	177	437	180	233	332	272	316	533	386	279	192	364	522	396	207	540	429	370	576	369	350	404	363	122	361	398	468	140	509	522	138	359	591	282	387	523	253	319	568	136	381	293	528	281	483	290	218	230	195	568	507	554	302	112	231	373
117	166	599	497	203	456	160	217	456	147	417	374	456	236	116	330	111	368	556	130	316	544	251	153	178	492	149	331	327	301	440	291	363	325	308	506	482	398	380	506	520	555	162	140	323	293	179	330	471	139	315	547	408	424	113	504	391	289	108	180	388	306	235	205	547	595	271	378	112	262	510	218	395	286	128	147	568	537	330	549	297	584	295	455	371	290	571	101	473	209	203	515	135	239	531	243	210	362	139	549
479	535	356	563	320	534	413	299	336	425	593	183	340	534	421	423	133	182	576	295	142	232	348	153	317	352	223	273	137	331	452	446	266	430	240	306	362	393	523	172	413	264	179	386	369	528	234	412	437	251	538	349	380	523	567	278	460	576	205	145	137	414	547	365	575	381	525	406	111	474	441	597	101	454	229	555	388	400	517	566	268	462	394	501	297	240	152	292	448	461	230	135	119	577	376	166	533	595	210	150
579	401	537	189	114	159	273	234	454	208	204	347	465	471	383	357	562	542	273	250	458	217	229	284	516	230	408	259	432	454	330	401	316	477	399	292	477	584	242	587	228	446	307	516	331	437	479	501	537	250	134	205	240	151	342	374	272	471	368	257	221	372	548	522	331	348	193	469	499	338	265	555	572	273	320	204	140	229	508	329	164	428	220	555	310	190	248	260	439	486	571	241	254	507	109	100	445	462	342	145
271	233	135	359	538	120	267	516	579	222	479	368	569	324	288	507	367	433	245	467	353	520	466	220	280	466	252	330	452	301	282	488	459	502	118	362	185	391	432	517	552	109	444	274	517	404	405	381	479	112	270	461	176	394	497	459	105	544	154	404	276	208	488	208	244	227	204	228	154	358	117	495	496	539	242	291	307	279	262	480	143	357	427	556	169	164	500	297	241	447	421	378	358	275	354	259	186	298	358	117
419	532	594	414	405	399	387	598	353	270	543	199	359	455	206	149	283	524	543	152	264	348	158	273	138	181	483	218	559	107	240	396	558	115	132	546	436	150	401	270	484	356	429	490	598	320	583	112	409	188	189	450	467	391	328	201	196	399	527	289	163	376	554	458	563	198	365	463	444	340	160	168	300	475	439	430	190	544	331	569	374	539	283	415	246	108	321	191	391	410	515	409	297	111	457	365	105	395	520	262
272	129	561	557	202	402	532	425	253	199	336	412	552	572	496	332	282	481	205	496	477	176	473	225	378	561	234	114	430	137	138	288	545	490	261	303	409	183	428	408	381	266	440	454	586	581	487	497	237	530	223	330	120	361	347	422	354	445	555	563	470	531	108	531	348	346	142	457	488	312	242	375	537	317	575	479	598	550	437	505	259	130	341	166	104	477	346	205	409	481	294	305	598	271	449	515	185	387	307	183
208	329	382	432	360	358	199	452	495	353	179	113	209	187	173	395	176	504	165	491	518	215	505	294	237	211	120	429	445	396	322	525	167	384	149	402	103	151	255	252	549	268	105	395	473	511	386	237	268	428	464	185	501	327	313	100	112	296	267	129	323	102	580	336	539	455	220	352	496	188	519	127	437	300	487	187	360	324	398	565	596	336	301	131	566	352	115	397	507	356	184	229	320	292	547	437	203	354	301	599
493	461	316	295	127	104	436	566	218	575	505	259	537	222	345	194	175	416	360	366	227	429	473	311	166	142	248	179	527	323	183	213	160	138	185	147	470	173	266	145	284	577	164	288	200	105	325	511	518	528	244	497	303	583	546	357	375	212	335	597	109	163	138	330	207	594	417	546	455	240	551	438	221	286	418	359	543	234	167	323	462	256	267	489	405	461	386	397	108	265	470	308	176	147	451	557	551	173	576	308
462	269	269	470	531	444	551	444	217	297	338	366	141	420	106	406	275	455	553	227	367	381	269	420	450	137	378	501	334	563	299	498	547	226	286	268	596	436	194	361	269	475	482	297	118	171	244	444	293	235	219	544	515	191	537	385	238	166	101	433	441	488	243	571	157	267	156	490	573	539	325	511	184	322	477	598	424	377	110	517	386	197	234	471	546	481	386	186	207	101	536	291	489	585	569	478	455	245	268	477
239	301	460	509	321	573	200	384	332	392	158	263	333	504	193	126	268	444	301	135	318	246	392	494	343	485	585	304	329	147	560	598	427	167	120	172	164	420	150	513	409	267	521	314	194	341	476	402	140	548	170	171	586	380	417	104	448	186	255	409	540	110	344	414	162	210	404	347	249	537	594	556	531	290	473	454	333	189	163	594	459	176	484	413	310	234	471	567	594	390	278	148	471	195	105	184	166	351	167	447
391	363	107	400	374	537	249	290	410	403	538	401	111	527	343	388	492	260	208	413	179	411	334	235	191	509	445	264	503	288	356	241	120	382	455	222	280	286	243	482	143	416	473	312	389	390	147	293	533	204	210	570	311	413	246	546	541	569	343	174	170	171	585	503	387	273	545	481	598	345	117	174	263	136	393	140	148	530	212	285	588	551	220	465	300	197	138	128	509	186	189	166	144	182	510	582	313	171	448	485
311	547	287	142	383	157	348	417	408	457	418	281	504	299	519	521	343	366	139	112	400	458	144	522	151	470	459	473	512	373	557	455	352	370	421	289	196	181	277	574	288	308	572	209	414	246	153	133	318	582	509	100	127	115	246	517	112	117	231	114	505	260	384	301	333	146	345	434	377	403	530	252	263	320	487	122	584	216	325	185	313	135	581	202	377	132	494	201	416	197	598	405	335	354	117	274	431	303	561	556
146	489	561	561	440	277	545	282	161	301	149	167	190	158	171	350	332	537	567	131	569	240	514	470	201	479	380	473	195	156	146	432	547	134	187	235	457	295	368	267	194	388	560	348	282	319	467	599	186	307	289	319	494	421	223	488	271	540	442	386	226	552	237	261	287	416	257	589	428	459	364	490	300	403	296	346	410	184	367	512	557	579	562	497	398	313	197	354	441	175	580	428	246	354	358	399	261	397	344	255
112	135	373	127	286	221	351	304	162	529	554	557	183	140	466	320	166	127	401	165	154	306	443	513	167	581	367	187	113	552	597	307	293	594	131	208	189	500	595	295	505	580	212	120	418	299	277	431	102	215	433	106	415	519	452	494	311	361	556	115	112	407	165	289	477	289	481	159	573	170	588	344	482	252	403	323	178	113	595	394	549	450	237	587	353	451	365	480	504	353	178	520	303	126	427	466	399	505	353	202
346	239	337	364	139	380	238	284	242	560	118	420	191	280	446	175	543	350	289	325	550	281	234	191	262	333	538	159	128	417	148	349	246	226	303	417	593	300	114	175	462	408	355	382	546	169	390	215	426	509	568	217	354	298	487	287	140	504	385	456	365	108	178	459	328	544	577	535	212	392	539	375	182	303	224	343	299	261	459	581	518	106	212	310	394	589	562	173	240	109	564	350	315	284	477	535	205	335	102	136
239	290	348	159	328	406	367	334	468	475	120	429	446	514	117	114	437	316	432	436	375	491	585	133	575	493	297	187	171	553	257	575	217	258	332	500	108	478	455	267	437	175	494	125	227	576	249	146	285	280	313	453	384	319	511	176	140	324	233	207	567	256	234	197	453	313	423	384	591	198	181	539	444	151	245	183	541	378	590	345	124	102	226	223	166	376	593	566	432	336	312	254	536	392	240	267	195	437	194	394
270	532	254	290	124	250	387	352	306	243	594	438	207	207	344	478	518	552	496	528	314	168	192	405	366	311	329	414	186	415	493	577	200	250	201	204	120	248	553	377	557	519	361	536	243	280	457	220	288	351	403	447	255	142	503	276	136	273	564	228	485	196	317	345	565	545	343	160	185	132	277	594	422	338	110	280	370	512	127	227	280	527	223	340	481	122	588	311	115	123	212	185	454	597	402	332	204	479	490	371
244	310	575	506	469	499	306	555	514	498	443	472	249	496	586	498	428	415	267	349	176	551	250	451	224	572	204	521	413	107	401	466	290	121	535	548	502	420	533	375	510	463	409	530	163	518	280	551	321	474	585	233	474	391	227	423	550	479	132	579	302	238	298	160	510	212	319	585	571	132	129	110	511	246	274	540	372	502	418	439	248	334	220	434	426	391	252	128	372	321	168	124	107	318	544	183	457	191	405	422
185	220	591	222	119	498	107	203	568	171	288	521	484	427	156	247	592	592	446	124	224	245	306	156	319	101	479	355	115	258	333	292	397	364	399	473	530	543	160	180	374	154	379	269	364	121	459	209	358	516	282	263	268	536	500	566	585	280	413	191	459	113	313	170	120	498	193	520	578	570	322	276	289	108	171	472	321	112	580	557	415	518	314	526	276	239	477	437	364	182	230	213	112	448	422	333	226	410	496	399
300	399	357	542	577	491	451	269	300	352	352	358	351	113	472	158	590	393	202	257	324	350	218	148	435	591	373	183	336	156	249	120	234	228	112	368	383	205	578	159	108	181	465	587	510	312	598	340	250	297	432	147	542	203	415	147	296	378	574	499	341	515	407	574	583	529	322	131	188	360	321	367	156	542	306	308	192	286	235	409	168	210	513	573	256	371	203	240	537	386	372	283	218	108	493	328	235	485	519	325
449	340	596	456	471	276	353	387	126	405	482	176	555	493	419	288	225	520	579	421	366	492	198	399	374	385	279	457	439	415	167	391	411	304	550	585	477	340	320	299	147	249	132	577	250	138	142	555	339	148	257	121	267	147	216	469	257	544	358	120	321	482	323	415	544	314	344	239	127	175	263	474	530	205	177	554	225	346	575	261	287	503	409	164	237	322	531	490	194	509	141	384	399	176	346	164	341	311	444	181
202	549	328	289	569	127	291	343	386	452	124	290	129	561	397	514	412	334	456	493	277	439	453	506	405	273	450	554	157	130	248	382	502	574	326	382	360	156	538	516	357	312	346	594	494	257	334	197	103	233	543	480	498	194	291	128	377	520	578	255	571	461	106	319	419	394	531	305	234	423	557	585	457	442	515	147	243	333	551	345	532	224	197	448	175	159	429	581	566	143	399	385	563	550	302	420	210	319	141	482
433	567	313	224	357	454	132	231	474	292	463	511	318	346	349	521	464	373	183	245	487	175	190	507	532	379	155	209	218	437	183	278	152	560	129	209	393	166	532	193	576	364	215	179	319	573	147	324	186	496	248	262	502	434	327	479	496	222	236	584	389	511	117	454	105	146	458	413	373	392	347	448	388	177	470	191	365	121	197	304	225	599	504	140	267	290	151	444	588	216	115	489	267	123	539	548	277	344	503	592
322	509	207	226	220	596	279	390	260	464	451	186	386	517	384	433	349	190	321	349	541	448	361	145	290	250	103	535	245	339	259	540	465	161	153	529	195	132	278	350	522	238	269	101	375	527	463	409	252	568	248	361	125	466	350	332	499	318	363	233	492	482	299	365	589	225	410	560	488	256	455	237	471	587	149	573	380	409	467	142	115	569	593	152	517	482	390	349	266	223	327	395	322	115	454	314	419	208	167	172
317	454	197	484	230	181	217	539	346	544	329	265	383	166	313	580	525	417	416	509	467	165	248	466	474	180	399	206	186	253	155	412	424	396	599	531	352	140	416	163	568	514	376	224	593	187	556	397	472	384	554	576	301	416	370	123	532	514	556	161	457	160	590	426	293	397	145	308	402	436	432	576	477	351	510	150	308	389	187	396	600	377	174	166	217	559	582	150	412	276	266	155	150	387	513	188	475	516	385	514
188	472	516	125	479	157	202	130	211	128	391	583	512	480	138	572	195	581	565	398	303	573	331	552	178	433	430	518	262	358	516	412	337	280	533	257	125	413	532	532	587	496	472	273	445	368	143	433	390	569	346	434	583	334	273	521	499	176	207	404	171	292	371	489	300	360	156	456	258	299	516	554	378	546	214	294	553	249	153	540	403	556	527	358	135	446	522	244	364	305	572	420	458	270	105	247	346	351	387	541
197	550	463	443	597	556	507	320	570	169	270	503	163	563	245	156	162	367	365	368	402	543	563	326	129	442	390	530	501	454	586	248	566	460	408	263	128	306	110	483	286	237	306	217	585	247	360	234	451	399	204	337	307	257	246	182	103	479	513	423	446	114	556	409	355	557	388	585	317	210	229	329	500	463	153	245	253	318	257	377	222	418	219	341	347	585	477	369	330	157	252	136	461	210	148	129	409	151	108	135
408	133	365	410	278	341	297	142	341	532	185	211	250	516	381	424	101	340	413	265	421	358	208	135	270	496	555	362	250	507	209	137	148	362	113	520	268	419	138	382	260	408	354	478	148	551	376	312	502	594	113	425	265	421	452	158	560	538	169	537	297	101	262	351	376	432	331	318	521	220	485	467	435	349	431	137	425	168	274	250	319	490	308	323	161	163	452	106	279	304	314	283	491	552	372	130	260	282	567	339
235	268	515	473	476	526	127	382	370	311	300	600	101	230	417	340	176	497	440	306	164	440	101	221	509	274	418	339	488	258	453	247	400	230	261	346	415	528	288	295	492	151	164	213	549	141	443	500	526	481	185	433	418	381	567	236	109	351	319	549	164	103	245	343	579	350	373	418	413	293	305	379	368	404	577	197	244	250	299	549	468	384	261	499	301	423	223	241	267	438	431	244	571	442	528	113	251	510	407	469
380	102	356	589	155	505	288	370	211	306	560	132	576	207	565	133	367	146	562	497	348	588	553	466	289	225	363	545	376	256	120	217	217	347	332	126	546	482	175	345	206	435	207	324	129	494	250	566	159	193	251	215	529	432	397	257	115	385	538	127	420	184	539	155	528	417	119	551	236	117	128	597	443	275	507	309	228	481	242	497	379	196	317	364	146	293	120	395	142	372	291	471	124	286	232	375	171	161	434	467
572	514	376	292	399	193	487	484	148	580	213	313	483	361	589	549	355	540	176	272	255	163	440	120	586	273	230	133	377	272	408	273	116	528	150	489	437	588	117	543	580	274	246	230	162	187	401	335	429	358	581	502	494	162	397	403	456	526	452	480	349	175	490	558	338	143	390	536	357	273	535	295	578	363	412	246	279	118	257	488	319	553	264	434	460	381	331	186	295	279	168	133	500	301	488	382	522	425	311	508
457	354	207	230	315	224	183	217	130	475	281	302	476	299	147	349	293	102	303	331	389	476	357	312	403	264	126	355	465	433	435	524	390	462	385	313	443	491	491	553	565	435	325	273	415	460	199	253	476	420	492	351	369	437	469	439	369	592	349	529	132	358	297	316	539	120	414	171	544	376	586	541	414	498	264	451	503	235	459	399	402	357	149	342	271	199	159	185	220	431	148	479	333	202	419	252	244	468	451	367
440	283	394	539	465	127	556	394	510	590	262	300	169	340	431	486	255	356	256	284	572	514	361	370	269	564	466	410	487	531	119	180	521	200	263	240	448	568	264	349	283	248	220	551	285	216	428	320	451	534	437	317	471	440	286	594	362	495	405	341	362	309	541	313	295	476	341	200	187	379	158	547	510	237	239	220	369	598	572	379	190	599	436	266	383	297	181	438	343	439	253	220	240	219	463	477	554	455	335	380
580	213	171	503	231	404	260	329	486	217	142	156	275	597	401	130	102	439	447	440	313	491	151	577	564	478	182	467	550	481	102	179	378	179	325	267	500	470	509	365	272	440	232	106	260	204	449	253	403	400	520	455	470	565	327	597	351	275	139	138	257	397	313	115	125	262	180	410	510	133	354	293	194	246	317	580	395	323	144	250	504	289	125	229	427	270	310	385	450	166	512	215	122	542	547	436	157	153	304	273
488	367	126	331	147	489	265	530	198	148	356	312	176	402	337	231	508	383	545	384	117	195	598	204	549	244	240	215	169	538	171	354	520	285	389	283	430	227	187	555	446	297	546	166	498	208	330	238	119	600	310	378	322	514	355	479	133	351	221	145	527	238	333	355	254	133	477	488	191	391	478	464	476	274	275	253	216	176	240	374	510	203	200	587	426	278	433	376	169	320	414	106	494	561	484	570	407	579	594	375
404	245	442	145	325	356	202	430	548	292	516	407	348	572	278	426	419	339	345	426	565	314	279	158	525	403	230	111	497	536	531	402	202	531	137	497	360	460	438	389	458	296	393	294	251	588	179	169	198	165	452	228	525	189	564	238	215	228	113	200	105	396	312	582	260	562	497	223	149	338	155	556	211	538	539	177	151	543	398	596	344	465	350	232	450	287	587	584	513	569	203	166	550	491	203	343	242	312	343	111
574	134	404	382	420	114	484	277	442	350	552	594	504	345	338	167	324	260	503	346	562	107	413	423	228	483	374	169	195	186	238	181	411	442	129	119	266	447	538	488	500	203	569	520	404	291	311	183	265	247	341	138	347	575	325	577	159	355	523	489	201	393	328	238	331	127	246	285	116	431	117	552	308	147	103	378	422	116	514	342	478	257	238	495	251	158	240	414	565	385	590	205	488	221	122	359	354	380	159	468
130	142	210	194	166	595	135	274	428	385	462	210	416	319	436	419	222	401	263	299	279	263	297	154	243	523	371	485	114	525	366	418	187	417	250	463	567	487	479	431	397	462	409	207	331	418	398	347	421	338	510	395	574	200	419	306	595	139	107	304	540	161	448	472	344	134	354	271	105	493	321	141	495	203	448	495	590	158	491	442	302	159	310	349	143	351	366	262	514	389	319	207	519	392	177	495	369	149	529	517
234	134	303	366	326	350	575	227	595	588	291	277	444	486	580	292	502	557	375	339	230	167	104	592	490	551	494	585	164	580	361	522	245	171	361	536	223	474	215	335	149	510	225	568	246	123	261	143	209	165	319	437	499	209	330	208	135	128	375	514	209	139	148	158	453	387	219	328	584	195	165	117	300	251	269	322	151	225	379	340	463	544	398	260	417	508	565	361	342	482	518	553	272	201	459	386	126	342	271	518
593	305	415	278	426	266	179	576	117	346	249	233	420	472	145	483	512	441	294	133	493	325	373	224	451	398	535	293	167	485	384	491	109	140	381	243	356	259	279	210	380	563	151	585	516	216	515	563	138	214	530	394	167	104	377	415	130	417	160	174	259	116	467	485	284	320	196	185	544	581	586	386	123	276	252	598	194	480	118	473	177	447	125	408	233	272	183	532	430	223	370	239	196	164	164	483	319	177	258	117
486	162	378	257	513	187	243	249	312	300	446	246	465	321	499	426	526	573	548	306	356	386	355	403	346	134	494	597	164	538	267	232	451	538	221	428	470	355	282	401	122	357	373	288	385	537	161	174	590	191	104	367	219	250	121	107	431	408	394	466	272	184	165	483	571	114	504	473	125	368	570	105	201	463	424	318	105	549	435	206	355	570	543	103	547	349	495	597	328	447	113	149	289	444	210	560	209	254	289	556
338	322	164	463	254	413	444	179	345	597	540	194	530	127	395	291	334	150	438	585	381	496	223	508	584	209	585	263	568	134	307	257	576	310	556	216	227	487	234	192	479	197	321	592	135	330	226	180	203	436	598	336	164	237	501	122	272	141	411	175	500	362	348	370	234	125	133	149	435	557	567	199	121	543	561	252	519	212	524	224	434	309	529	131	250	159	151	519	309	247	103	491	228	555	327	205	559	165	535	147
440	549	185	358	301	388	171	281	392	230	562	111	413	144	556	250	585	356	514	490	442	310	123	515	338	535	190	169	237	423	307	192	475	344	513	411	523	386	269	199	430	401	446	161	233	102	569	459	592	263	238	262	367	393	436	190	164	405	474	519	386	521	230	185	473	219	198	545	588	423	592	110	420	126	547	223	341	437	133	149	176	508	143	560	458	388	542	274	117	385	493	434	111	475	333	404	446	272	366	525
308	277	100	495	542	475	356	471	142	433	141	325	190	499	151	270	521	155	155	465	146	366	521	345	597	307	565	292	571	262	592	324	478	330	322	138	369	577	143	531	400	199	480	480	185	332	428	437	405	495	117	315	128	298	200	200	419	372	255	373	507	253	396	565	555	164	587	141	210	177	447	496	226	139	599	580	334	509	280	454	131	502	189	553	265	358	361	475	563	417	324	406	247	511	145	333	158	432	113	361
290	160	309	202	450	177	461	453	430	582	341	222	387	428	247	559	139	373	240	483	536	563	124	480	345	431	123	381	419	420	129	263	371	358	591	583	555	186	326	163	213	305	300	390	380	512	476	279	224	373	176	482	334	193	107	460	473	528	558	581	143	196	214	204	392	415	388	491	142	126	451	195	310	107	136	211	554	574	229	528	269	280	107	516	282	278	587	570	122	299	244	272	220	213	353	408	280	358	224	108
207	385	344	439	221	278	564	450	126	436	164	534	182	116	126	328	219	444	484	478	571	550	258	558	352	492	220	417	536	540	298	240	241	236	389	405	275	554	327	423	457	527	384	411	201	536	505	145	359	215	340	598	591	296	482	321	503	421	491	138	196	133	578	110	553	338	392	524	279	108	286	576	186	197	165	298	309	537	316	495	323	557	395	557	396	532	478	434	338	224	532	445	201	293	138	202	253	498	462	165
291	538	180	126	480	172	466	103	378	250	226	364	553	379	352	321	509	174	208	522	148	372	492	550	484	224	104	371	284	287	496	566	222	216	217	292	568	476	115	319	462	315	203	345	346	251	124	104	456	443	544	233	441	177	384	523	235	236	151	567	415	573	132	401	128	155	575	325	467	198	132	485	542	113	591	212	372	297	253	471	479	244	454	440	553	272	461	341	293	568	428	217	274	309	183	439	251	388	316	397
115	274	433	501	245	525	475	287	456	366	542	557	139	460	484	327	303	489	117	485	523	551	586	207	294	377	436	257	218	483	397	300	243	550	505	115	564	243	419	406	272	563	572	210	465	218	307	286	230	125	242	496	535	516	427	295	317	153	241	280	132	222	192	404	378	318	150	403	401	364	322	508	271	334	145	235	450	568	583	152	165	183	479	489	232	328	101	243	367	324	242	254	369	568	474	109	381	133	231	461
336	121	109	439	239	269	304	551	344	101	198	587	269	155	241	573	333	300	318	589	555	126	393	374	327	215	552	180	194	184	255	290	582	554	326	529	394	414	130	469	116	287	356	172	577	516	463	494	157	386	492	167	348	175	417	519	301	130	554	133	471	413	412	334	101	551	539	277	326	174	371	313	203	222	443	309	140	318	165	360	551	328	207	447	575	219	203	398	599	366	422	279	162	153	267	213	498	224	195	119
267	171	160	573	103	238	220	259	409	542	161	393	390	208	213	210	576	549	568	156	106	504	489	492	166	103	386	176	373	360	551	396	215	402	225	402	151	331	185	252	522	449	238	418	481	319	170	324	375	597	185	118	244	440	467	474	404	411	156	583	402	203	246	398	177	383	546	480	556	137	370	250	498	560	564	599	355	181	209	523	210	221	583	199	469	486	230	268	551	417	232	208	196	366	253	557	335	554	207	188
588	138	576	146	287	103	360	399	207	302	372	159	338	506	266	541	583	254	231	298	362	267	464	197	479	483	178	168	228	414	147	134	369	283	578	524	283	165	442	121	485	394	215	501	140	354	416	150	209	281	466	327	192	475	544	392	485	450	495	425	499	221	169	462	304	465	207	395	102	377	493	440	112	458	171	556	343	255	547	522	289	101	342	326	102	237	140	580	107	434	187	439	344	411	509	484	496	545	347	216
378	470	588	554	318	501	210	249	423	251	257	563	503	169	327	110	483	131	385	346	425	214	425	473	383	111	351	455	253	457	260	203	203	399	171	352	238	375	377	518	355	150	576	435	569	193	223	503	256	379	223	381	581	107	433	180	571	237	151	310	180	472	194	304	217	590	183	406	355	591	401	529	120	344	542	375	528	441	411	289	311	408	131	494	525	363	468	321	490	320	284	468	304	240	591	367	309	595	117	458
523	328	115	355	252	349	521	163	290	575	291	397	365	541	469	271	387	210	280	229	293	511	432	338	424	297	384	332	108	253	543	462	317	434	356	104	233	585	103	285	453	306	445	336	587	176	520	430	587	564	141	215	478	171	160	364	166	311	484	398	469	178	578	399	368	394	423	522	172	181	574	536	365	139	110	398	407	567	299	236	586	431	189	101	448	366	511	581	343	186	369	105	467	199	584	134	470	262	286	485
304	434	347	407	245	369	431	294	152	330	496	542	214	562	355	483	558	141	113	118	425	274	569	392	499	226	194	157	394	232	429	388	171	547	586	560	213	321	244	431	496	562	454	572	404	553	518	326	255	230	526	172	575	115	457	331	228	283	431	274	479	512	248	313	256	352	190	328	352	178	416	549	567	365	271	140	159	574	278	163	189	430	269	378	381	537	272	438	295	447	563	278	250	304	388	200	279	594	278	395
331	450	531	258	221	535	508	509	289	244	520	312	455	106	291	271	348	575	350	587	481	183	368	230	210	202	262	450	581	558	442	200	288	144	424	305	101	395	288	548	265	128	428	396	579	596	327	367	573	516	443	439	436	504	324	290	289	141	487	209	541	147	219	161	454	366	158	541	384	182	539	522	401	433	219	388	403	400	423	446	541	440	540	317	269	569	168	453	512	562	475	220	504	281	217	106	575	407	237	536
513	386	221	139	568	461	497	591	231	142	440	404	174	289	553	409	183	108	514	463	388	114	299	142	529	431	458	190	525	408	337	522	497	370	407	466	547	155	173	237	557	292	489	213	265	295	297	363	305	188	579	277	193	124	420	147	597	135	566	119	315	590	430	275	394	403	283	347	421	139	161	343	401	404	592	549	182	574	467	378	376	525	121	129	266	124	433	579	537	285	174	564	557	181	246	583	475	426	232	327
596	414	517	525	530	434	335	531	221	391	308	135	429	184	583	327	263	157	229	174	416	578	435	249	552	557	376	502	104	147	171	312	506	314	335	176	327	200	137	599	388	220	390	442	551	513	581	415	105	540	593	355	245	433	424	230	270	160	188	177	194	427	102	373	220	482	301	411	203	459	507	344	422	310	523	332	300	302	466	104	261	119	278	321	139	589	515	570	599	419	101	481	483	547	437	516	110	401	472	592
362	539	507	172	299	189	255	142	411	177	421	562	417	370	414	105	248	106	123	174	239	440	320	559	246	103	171	357	417	414	575	372	552	409	389	508	389	181	330	517	244	214	352	260	100	577	104	423	255	240	367	447	129	328	439	268	550	439	110	287	252	242	139	164	132	400	145	381	270	323	589	133	561	155	497	299	366	121	579	308	550	440	420	520	329	416	437	517	198	545	164	290	267	320	387	323	478	499	166	230
563	431	414	285	340	375	444	269	361	137	207	421	215	151	166	400	379	208	223	452	520	530	166	335	463	473	290	374	280	196	541	364	370	379	556	555	258	118	285	496	233	279	539	474	342	547	299	196	178	525	553	398	122	501	129	288	219	209	517	538	260	534	255	141	102	461	442	461	264	355	216	328	210	508	550	152	538	247	123	320	371	386	514	409	429	136	170	178	535	341	558	443	460	435	200	595	556	405	502	445
470	538	101	411	382	580	593	218	307	390	409	152	191	120	409	401	134	106	430	290	313	570	320	235	270	500	298	204	157	488	319	193	509	213	288	489	597	236	512	428	545	562	296	599	174	521	344	501	597	503	338	353	240	279	212	173	210	219	337	321	321	115	212	245	195	318	373	373	407	403	556	398	542	225	490	426	430	116	312	492	331	445	122	471	386	206	289	515	254	415	436	449	117	205	579	497	274	289	252	398
384	334	290	599	345	398	485	259	209	244	438	450	183	567	292	425	134	421	265	138	416	440	374	481	236	554	388	492	370	532	517	141	454	152	214	479	592	215	369	372	283	351	221	235	257	442	409	198	325	195	545	488	185	113	184	258	596	104	154	419	281	480	448	438	346	423	593	492	396	542	438	155	124	355	518	596	494	532	105	515	504	548	495	568	301	280	439	332	306	333	157	395	408	336	268	344	136	187	271	240
584	171	552	359	235	504	515	592	529	281	401	298	175	586	596	271	183	358	430	305	517	559	298	486	185	587	110	363	308	267	263	332	122	105	312	303	582	279	509	293	175	502	241	566	186	186	135	306	373	589	112	443	439	209	564	241	576	464	145	294	413	548	450	329	408	188	206	323	444	161	463	272	506	502	261	439	163	316	452	395	280	233	126	263	567	313	358	249	508	155	580	581	156	125	175	165	528	130	430	240
512	134	440	595	595	592	453	374	531	462	273	142	201	280	243	347	574	223	107	171	235	228	299	111	432	160	389	386	359	168	284	115	173	130	237	451	433	167	330	511	573	275	552	448	396	219	171	218	231	227	164	260	551	455	358	510	419	381	158	519	569	409	526	350	161	538	559	556	183	245	443	232	116	355	471	314	362	146	490	171	586	134	248	473	280	479	589	362	284	157	160	491	125	348	264	206	147	176	119	442
580	457	289	213	192	543	398	475	242	529	282	207	577	422	453	451	506	197	459	499	300	543	476	540	368	359	566	311	543	483	497	317	217	261	322	383	463	599	107	398	425	329	451	148	429	317	427	236	541	489	470	516	276	374	437	271	352	376	184	483	243	460	380	129	167	226	433	143	426	131	498	390	308	251	432	427	550	169	382	397	378	257	236	536	574	558	234	516	313	154	346	369	128	235	157	516	375	292	486	506
423	254	416	299	531	207	476	521	408	274	186	224	108	134	368	544	455	145	296	565	377	560	361	499	515	511	153	461	175	259	150	379	223	490	414	392	267	357	102	491	591	576	527	223	274	113	209	104	152	505	296	430	150	535	434	536	279	471	586	163	222	332	385	137	257	278	472	599	484	172	365	318	397	531	245	394	155	221	112	463	485	495	557	317	115	415	533	370	146	323	281	147	113	442	486	262	558	107	445	138
290	436	222	448	116	117	348	183	490	581	498	213	579	204	197	128	585	284	117	102	322	250	345	262	234	419	466	137	317	226	576	419	185	268	367	272	361	294	183	594	197	166	289	567	127	234	160	564	512	349	297	394	497	469	141	234	484	512	243	146	560	479	365	269	144	252	289	464	298	134	477	308	198	129	269	473	417	212	104	314	440	349	403	361	321	578	287	230	434	569	335	543	578	474	496	469	361	583	564	285
338	426	386	132	266	326	533	552	577	577	346	452	113	120	445	149	599	104	303	425	145	137	144	435	188	577	585	397	130	200	101	117	218	410	293	452	237	225	283	494	514	135	417	340	124	590	122	360	314	558	401	110	334	152	213	488	492	297	400	430	563	104	529	268	304	584	337	379	298	193	352	127	498	465	554	420	140	534	594	205	203	319	351	426	450	478	168	277	466	417	129	229	363	296	394	180	126	259	131	503
556	366	591	474	474	107	134	153	560	203	277	477	586	335	125	425	594	401	458	439	472	484	225	248	316	573	404	531	291	135	248	455	238	596	537	180	459	282	459	526	347	453	116	541	128	256	183	332	560	150	112	518	444	586	242	405	114	168	526	289	255	197	323	592	241	196	153	171	446	484	554	230	205	550	116	352	306	482	201	233	517	184	468	335	451	363	141	193	250	565	265	332	478	379	140	466	320	578	444	579
107	458	525	310	422	337	584	473	292	484	488	374	249	175	192	482	175	339	561	227	116	142	324	565	338	583	460	324	461	376	124	185	576	424	250	101	489	300	180	343	395	566	560	490	136	386	356	362	364	168	294	157	442	469	557	109	126	198	222	154	138	146	292	476	415	149	542	519	219	549	162	222	187	332	448	569	456	272	512	597	533	232	156	192	355	525	469	275	269	131	232	265	395	466	196	127	446	114	463	597
178	352	242	506	185	576	149	465	181	408	218	377	363	596	123	594	579	254	592	522	315	464	419	241	493	134	251	426	148	302	321	397	273	370	300	381	141	563	239	537	122	154	335	109	108	406	534	268	535	529	128	520	311	107	215	451	262	460	464	412	490	184	398	423	210	447	323	463	574	359	526	455	407	335	204	403	150	292	280	340	121	442	542	213	406	508	286	195	467	253	223	478	469	406	488	457	231	299	523	313
