Number of vertices are 100

Following matrix shows the shortest distances between every pair of vertices

0 187 113 131 214 191 170 222 120 78 340 336 252 360 256 361 354 259 354 208 515 455 480 446 443 415 404 528 452 366 613 608 588 652 579 592 556 533 630 495 730 593 681 679 651 654 642 609 633 570 784 720 759 822 841 765 746 808 733 689 805 905 842 950 849 886 887 843 926 784 1063 998 1068 1061 946 1015 985 997 1068 909 1130 1081 1132 1045 1068 1113 1117 992 1033 965 1214 1249 1220 1196 1117 1108 1169 1188 1214 1088 
153 0 101 119 202 179 158 210 108 66 328 324 240 348 244 349 342 247 342 196 503 443 468 434 431 403 392 516 440 354 601 596 576 640 567 580 544 521 618 483 718 581 669 667 639 642 630 597 621 558 772 708 747 810 829 753 734 796 721 677 793 893 830 938 837 874 875 831 914 772 1051 986 1056 1049 934 1003 973 985 1056 897 1118 1069 1120 1033 1056 1101 1105 980 1021 953 1202 1237 1208 1184 1105 1096 1157 1176 1202 1076 
163 185 0 129 212 189 168 220 118 76 338 334 250 358 254 359 352 257 352 206 513 453 478 444 441 413 402 526 450 364 611 606 586 650 577 590 554 531 628 493 728 591 679 677 649 652 640 607 631 568 782 718 757 820 839 763 744 806 731 687 803 903 840 948 847 884 885 841 924 782 1061 996 1066 1059 944 1013 983 995 1066 907 1128 1079 1130 1043 1066 1111 1115 990 1031 963 1212 1247 1218 1194 1115 1106 1167 1186 1212 1086 
203 225 151 0 252 229 208 260 158 116 378 374 290 398 294 399 392 297 392 246 553 493 518 484 481 453 442 566 490 404 651 646 626 690 617 630 594 571 668 533 768 631 719 717 689 692 680 647 671 608 822 758 797 860 879 803 784 846 771 727 843 943 880 988 887 924 925 881 964 822 1101 1036 1106 1099 984 1053 1023 1035 1106 947 1168 1119 1170 1083 1106 1151 1155 1030 1071 1003 1252 1287 1258 1234 1155 1146 1207 1226 1252 1126 
172 194 120 138 0 198 177 229 127 85 347 343 259 367 263 368 361 266 361 215 522 462 487 453 450 422 411 535 459 373 620 615 595 659 586 599 563 540 637 502 737 600 688 686 658 661 649 616 640 577 791 727 766 829 848 772 753 815 740 696 812 912 849 957 856 893 894 850 933 791 1070 1005 1075 1068 953 1022 992 1004 1075 916 1137 1088 1139 1052 1075 1120 1124 999 1040 972 1221 1256 1227 1203 1124 1115 1176 1195 1221 1095 
149 171 97 115 198 0 154 206 104 62 324 320 236 344 240 345 338 243 338 192 499 439 464 430 427 399 388 512 436 350 597 592 572 636 563 576 540 517 614 479 714 577 665 663 635 638 626 593 617 554 768 704 743 806 825 749 730 792 717 673 789 889 826 934 833 870 871 827 910 768 1047 982 1052 1045 930 999 969 981 1052 893 1114 1065 1116 1029 1052 1097 1101 976 1017 949 1198 1233 1204 1180 1101 1092 1153 1172 1198 1072 
154 176 102 120 203 180 0 211 109 67 329 325 241 349 245 350 343 248 343 197 504 444 469 435 432 404 393 517 441 355 602 597 577 641 568 581 545 522 619 484 719 582 670 668 640 643 631 598 622 559 773 709 748 811 830 754 735 797 722 678 794 894 831 939 838 875 876 832 915 773 1052 987 1057 1050 935 1004 974 986 1057 898 1119 1070 1121 1034 1057 1102 1106 981 1022 954 1203 1238 1209 1185 1106 1097 1158 1177 1203 1077 
218 240 166 184 267 244 223 0 173 131 393 389 305 413 309 414 407 312 407 261 568 508 533 499 496 468 457 581 505 419 666 661 641 705 632 645 609 586 683 548 783 646 734 732 704 707 695 662 686 623 837 773 812 875 894 818 799 861 786 742 858 958 895 1003 902 939 940 896 979 837 1116 1051 1121 1114 999 1068 1038 1050 1121 962 1183 1134 1185 1098 1121 1166 1170 1045 1086 1018 1267 1302 1273 1249 1170 1161 1222 1241 1267 1141 
117 139 65 83 166 143 122 174 0 30 292 288 204 312 208 313 306 211 306 160 467 407 432 398 395 367 356 480 404 318 565 560 540 604 531 544 508 485 582 447 682 545 633 631 603 606 594 561 585 522 736 672 711 774 793 717 698 760 685 641 757 857 794 902 801 838 839 795 878 736 1015 950 1020 1013 898 967 937 949 1020 861 1082 1033 1084 997 1020 1065 1069 944 985 917 1166 1201 1172 1148 1069 1060 1121 1140 1166 1040 
87 109 35 53 136 113 92 144 42 0 262 258 174 282 178 283 276 181 276 130 437 377 402 368 365 337 326 450 374 288 535 530 510 574 501 514 478 455 552 417 652 515 603 601 573 576 564 531 555 492 706 642 681 744 763 687 668 730 655 611 727 827 764 872 771 808 809 765 848 706 985 920 990 983 868 937 907 919 990 831 1052 1003 1054 967 990 1035 1039 914 955 887 1136 1171 1142 1118 1039 1030 1091 1110 1136 1010 
362 384 310 328 411 388 367 419 317 275 0 273 189 297 193 298 291 196 291 145 452 392 417 383 380 352 341 465 389 303 550 545 525 589 516 529 493 470 567 432 667 530 618 616 588 591 579 546 570 507 721 657 696 759 778 702 683 745 670 626 742 842 779 887 786 823 824 780 863 721 1000 935 1005 998 883 952 922 934 1005 846 1067 1018 1069 982 1005 1050 1054 929 970 902 1151 1186 1157 1133 1054 1045 1106 1125 1151 1025 
370 392 318 336 419 396 375 427 325 283 285 0 197 305 201 306 299 204 299 153 460 400 425 391 388 360 349 473 397 311 558 553 533 597 524 537 501 478 575 440 675 538 626 624 596 599 587 554 578 515 729 665 704 767 786 710 691 753 678 634 750 850 787 895 794 831 832 788 871 729 1008 943 1013 1006 891 960 930 942 1013 854 1075 1026 1077 990 1013 1058 1062 937 978 910 1159 1194 1165 1141 1062 1053 1114 1133 1159 1033 
267 289 215 233 316 293 272 324 222 180 182 178 0 202 98 203 196 101 196 50 357 297 322 288 285 257 246 370 294 208 455 450 430 494 421 434 398 375 472 337 572 435 523 521 493 496 484 451 475 412 626 562 601 664 683 607 588 650 575 531 647 747 684 792 691 728 729 685 768 626 905 840 910 903 788 857 827 839 910 751 972 923 974 887 910 955 959 834 875 807 1056 1091 1062 1038 959 950 1011 1030 1056 930 
306 328 254 272 355 332 311 363 261 219 221 217 133 0 137 242 235 140 235 89 396 336 361 327 324 296 285 409 333 247 494 489 469 533 460 473 437 414 511 376 611 474 562 560 532 535 523 490 514 451 665 601 640 703 722 646 627 689 614 570 686 786 723 831 730 767 768 724 807 665 944 879 949 942 827 896 866 878 949 790 1011 962 1013 926 949 994 998 873 914 846 1095 1130 1101 1077 998 989 1050 1069 1095 969 
346 368 294 312 395 372 351 403 301 259 261 257 173 281 0 282 275 180 275 129 436 376 401 367 364 336 325 449 373 287 534 529 509 573 500 513 477 454 551 416 651 514 602 600 572 575 563 530 554 491 705 641 680 743 762 686 667 729 654 610 726 826 763 871 770 807 808 764 847 705 984 919 989 982 867 936 906 918 989 830 1051 1002 1053 966 989 1034 1038 913 954 886 1135 1170 1141 1117 1038 1029 1090 1109 1135 1009 
357 379 305 323 406 383 362 414 312 270 272 268 184 292 188 0 286 191 286 140 447 387 412 378 375 347 336 460 384 298 545 540 520 584 511 524 488 465 562 427 662 525 613 611 583 586 574 541 565 502 716 652 691 754 773 697 678 740 665 621 737 837 774 882 781 818 819 775 858 716 995 930 1000 993 878 947 917 929 1000 841 1062 1013 1064 977 1000 1045 1049 924 965 897 1146 1181 1152 1128 1049 1040 1101 1120 1146 1020 
318 340 266 284 367 344 323 375 273 231 233 229 145 253 149 254 0 152 247 101 408 348 373 339 336 308 297 421 345 259 506 501 481 545 472 485 449 426 523 388 623 486 574 572 544 547 535 502 526 463 677 613 652 715 734 658 639 701 626 582 698 798 735 843 742 779 780 736 819 677 956 891 961 954 839 908 878 890 961 802 1023 974 1025 938 961 1006 1010 885 926 858 1107 1142 1113 1089 1010 1001 1062 1081 1107 981 
317 339 265 283 366 343 322 374 272 230 232 228 144 252 148 253 246 0 246 100 407 347 372 338 335 307 296 420 344 258 505 500 480 544 471 484 448 425 522 387 622 485 573 571 543 546 534 501 525 462 676 612 651 714 733 657 638 700 625 581 697 797 734 842 741 778 779 735 818 676 955 890 960 953 838 907 877 889 960 801 1022 973 1024 937 960 1005 1009 884 925 857 1106 1141 1112 1088 1009 1000 1061 1080 1106 980 
269 291 217 235 318 295 274 326 224 182 184 180 96 204 100 205 198 103 0 52 359 299 324 290 287 259 248 372 296 210 457 452 432 496 423 436 400 377 474 339 574 437 525 523 495 498 486 453 477 414 628 564 603 666 685 609 590 652 577 533 649 749 686 794 693 730 731 687 770 628 907 842 912 905 790 859 829 841 912 753 974 925 976 889 912 957 961 836 877 809 1058 1093 1064 1040 961 952 1013 1032 1058 932 
217 239 165 183 266 243 222 274 172 130 132 128 44 152 48 153 146 51 146 0 307 247 272 238 235 207 196 320 244 158 405 400 380 444 371 384 348 325 422 287 522 385 473 471 443 446 434 401 425 362 576 512 551 614 633 557 538 600 525 481 597 697 634 742 641 678 679 635 718 576 855 790 860 853 738 807 777 789 860 701 922 873 924 837 860 905 909 784 825 757 1006 1041 1012 988 909 900 961 980 1006 880 
466 488 414 432 515 492 471 523 421 379 381 377 293 401 297 402 395 300 395 249 0 180 205 171 168 140 129 253 177 91 338 333 313 377 304 317 281 258 355 220 455 318 406 404 376 379 367 334 358 295 509 445 484 547 566 490 471 533 458 414 530 630 567 675 574 611 612 568 651 509 788 723 793 786 671 740 710 722 793 634 855 806 857 770 793 838 842 717 758 690 939 974 945 921 842 833 894 913 939 813 
536 558 484 502 585 562 541 593 491 449 451 447 363 471 367 472 465 370 465 319 310 0 275 241 238 210 199 323 247 161 408 403 383 447 374 387 351 328 425 290 525 388 476 474 446 449 437 404 428 365 579 515 554 617 636 560 541 603 528 484 600 700 637 745 644 681 682 638 721 579 858 793 863 856 741 810 780 792 863 704 925 876 927 840 863 908 912 787 828 760 1009 1044 1015 991 912 903 964 983 1009 883 
516 538 464 482 565 542 521 573 471 429 431 427 343 451 347 452 445 350 445 299 290 230 0 221 218 190 179 303 227 141 388 383 363 427 354 367 331 308 405 270 505 368 456 454 426 429 417 384 408 345 559 495 534 597 616 540 521 583 508 464 580 680 617 725 624 661 662 618 701 559 838 773 843 836 721 790 760 772 843 684 905 856 907 820 843 888 892 767 808 740 989 1024 995 971 892 883 944 963 989 863 
443 465 391 409 492 469 448 500 398 356 358 354 270 378 274 379 372 277 372 226 217 157 182 0 145 117 106 230 154 68 315 310 290 354 281 294 258 235 332 197 432 295 383 381 353 356 344 311 335 272 486 422 461 524 543 467 448 510 435 391 507 607 544 652 551 588 589 545 628 486 765 700 770 763 648 717 687 699 770 611 832 783 834 747 770 815 819 694 735 667 916 951 922 898 819 810 871 890 916 790 
503 525 451 469 552 529 508 560 458 416 418 414 330 438 334 439 432 337 432 286 277 217 242 208 0 177 166 290 214 128 375 370 350 414 341 354 318 295 392 257 492 355 443 441 413 416 404 371 395 332 546 482 521 584 603 527 508 570 495 451 567 667 604 712 611 648 649 605 688 546 825 760 830 823 708 777 747 759 830 671 892 843 894 807 830 875 879 754 795 727 976 1011 982 958 879 870 931 950 976 850 
468 490 416 434 517 494 473 525 423 381 383 379 295 403 299 404 397 302 397 251 242 182 207 173 170 0 131 255 179 93 340 335 315 379 306 319 283 260 357 222 457 320 408 406 378 381 369 336 360 297 511 447 486 549 568 492 473 535 460 416 532 632 569 677 576 613 614 570 653 511 790 725 795 788 673 742 712 724 795 636 857 808 859 772 795 840 844 719 760 692 941 976 947 923 844 835 896 915 941 815 
416 438 364 382 465 442 421 473 371 329 331 327 243 351 247 352 345 250 345 199 190 130 155 121 118 90 0 203 127 41 288 283 263 327 254 267 231 208 305 170 405 268 356 354 326 329 317 284 308 245 459 395 434 497 516 440 421 483 408 364 480 580 517 625 524 561 562 518 601 459 738 673 743 736 621 690 660 672 743 584 805 756 807 720 743 788 792 667 708 640 889 924 895 871 792 783 844 863 889 763 
490 512 438 456 539 516 495 547 445 403 405 401 317 425 321 426 419 324 419 273 264 204 229 195 192 164 153 0 201 115 362 357 337 401 328 341 305 282 379 244 479 342 430 428 400 403 391 358 382 319 533 469 508 571 590 514 495 557 482 438 554 654 591 699 598 635 636 592 675 533 812 747 817 810 695 764 734 746 817 658 879 830 881 794 817 862 866 741 782 714 963 998 969 945 866 857 918 937 963 837 
501 523 449 467 550 527 506 558 456 414 416 412 328 436 332 437 430 335 430 284 275 215 240 206 203 175 164 288 0 126 373 368 348 412 339 352 316 293 390 255 490 353 441 439 411 414 402 369 393 330 544 480 519 582 601 525 506 568 493 449 565 665 602 710 609 646 647 603 686 544 823 758 828 821 706 775 745 757 828 669 890 841 892 805 828 873 877 752 793 725 974 1009 980 956 877 868 929 948 974 848 
375 397 323 341 424 401 380 432 330 288 290 286 202 310 206 311 304 209 304 158 149 89 114 80 77 49 38 162 86 0 247 242 222 286 213 226 190 167 264 129 364 227 315 313 285 288 276 243 267 204 418 354 393 456 475 399 380 442 367 323 439 539 476 584 483 520 521 477 560 418 697 632 702 695 580 649 619 631 702 543 764 715 766 679 702 747 751 626 667 599 848 883 854 830 751 742 803 822 848 722 
641 663 589 607 690 667 646 698 596 554 556 552 468 576 472 577 570 475 570 424 415 355 380 346 343 315 304 428 352 266 0 250 230 294 221 234 198 175 272 137 372 235 323 321 293 296 284 251 275 212 426 362 401 464 483 407 388 450 375 331 447 547 484 592 491 528 529 485 568 426 705 640 710 703 588 657 627 639 710 551 772 723 774 687 710 755 759 634 675 607 856 891 862 838 759 750 811 830 856 730 
599 621 547 565 648 625 604 656 554 512 514 510 426 534 430 535 528 433 528 382 373 313 338 304 301 273 262 386 310 224 213 0 188 252 179 192 156 133 230 95 330 193 281 279 251 254 242 209 233 170 384 320 359 422 441 365 346 408 333 289 405 505 442 550 449 486 487 443 526 384 663 598 668 661 546 615 585 597 668 509 730 681 732 645 668 713 717 592 633 565 814 849 820 796 717 708 769 788 814 688 
541 563 489 507 590 567 546 598 496 454 456 452 368 476 372 477 470 375 470 324 315 255 280 246 243 215 204 328 252 166 155 150 0 194 121 134 98 75 172 37 272 135 223 221 193 196 184 151 175 112 326 262 301 364 383 307 288 350 275 231 347 447 384 492 391 428 429 385 468 326 605 540 610 603 488 557 527 539 610 451 672 623 674 587 610 655 659 534 575 507 756 791 762 738 659 650 711 730 756 630 
589 611 537 555 638 615 594 646 544 502 504 500 416 524 420 525 518 423 518 372 363 303 328 294 291 263 252 376 300 214 203 198 178 0 169 182 146 123 220 85 320 183 271 269 241 244 232 199 223 160 374 310 349 412 431 355 336 398 323 279 395 495 432 540 439 476 477 433 516 374 653 588 658 651 536 605 575 587 658 499 720 671 722 635 658 703 707 582 623 555 804 839 810 786 707 698 759 778 804 678 
528 550 476 494 577 554 533 585 483 441 443 439 355 463 359 464 457 362 457 311 302 242 267 233 230 202 191 315 239 153 142 137 117 181 0 121 85 62 159 24 259 122 210 208 180 183 171 138 162 99 313 249 288 351 370 294 275 337 262 218 334 434 371 479 378 415 416 372 455 313 592 527 597 590 475 544 514 526 597 438 659 610 661 574 597 642 646 521 562 494 743 778 749 725 646 637 698 717 743 617 
669 691 617 635 718 695 674 726 624 582 584 580 496 604 500 605 598 503 598 452 443 383 408 374 371 343 332 456 380 294 283 278 258 322 249 0 226 203 300 165 400 263 351 349 321 324 312 279 303 240 454 390 429 492 511 435 416 478 403 359 475 575 512 620 519 556 557 513 596 454 733 668 738 731 616 685 655 667 738 579 800 751 802 715 738 783 787 662 703 635 884 919 890 866 787 778 839 858 884 758 
636 658 584 602 685 662 641 693 591 549 551 547 463 571 467 572 565 470 565 419 410 350 375 341 338 310 299 423 347 261 250 245 225 289 216 229 0 170 267 132 367 230 318 316 288 291 279 246 270 207 421 357 396 459 478 402 383 445 370 326 442 542 479 587 486 523 524 480 563 421 700 635 705 698 583 652 622 634 705 546 767 718 769 682 705 750 754 629 670 602 851 886 857 833 754 745 806 825 851 725 
639 661 587 605 688 665 644 696 594 552 554 550 466 574 470 575 568 473 568 422 413 353 378 344 341 313 302 426 350 264 253 248 228 292 219 232 196 0 270 135 370 233 321 319 291 294 282 249 273 210 424 360 399 462 481 405 386 448 373 329 445 545 482 590 489 526 527 483 566 424 703 638 708 701 586 655 625 637 708 549 770 721 772 685 708 753 757 632 673 605 854 889 860 836 757 748 809 828 854 728 
605 627 553 571 654 631 610 662 560 518 520 516 432 540 436 541 534 439 534 388 379 319 344 310 307 279 268 392 316 230 219 214 194 258 185 198 162 139 0 101 336 199 287 285 257 260 248 215 239 176 390 326 365 428 447 371 352 414 339 295 411 511 448 556 455 492 493 449 532 390 669 604 674 667 552 621 591 603 674 515 736 687 738 651 674 719 723 598 639 571 820 855 826 802 723 714 775 794 820 694 
504 526 452 470 553 530 509 561 459 417 419 415 331 439 335 440 433 338 433 287 278 218 243 209 206 178 167 291 215 129 118 113 93 157 84 97 61 38 135 0 235 98 186 184 156 159 147 114 138 75 289 225 264 327 346 270 251 313 238 194 310 410 347 455 354 391 392 348 431 289 568 503 573 566 451 520 490 502 573 414 635 586 637 550 573 618 622 497 538 470 719 754 725 701 622 613 674 693 719 593 
630 652 578 596 679 656 635 687 585 543 545 541 457 565 461 566 559 464 559 413 404 344 369 335 332 304 293 417 341 255 244 239 219 283 210 223 187 164 261 126 0 74 162 160 132 135 123 90 114 51 265 201 240 303 322 246 227 289 214 170 286 386 323 431 330 367 368 324 407 265 544 479 549 542 427 496 466 478 549 390 611 562 613 526 549 594 598 473 514 446 695 730 701 677 598 589 650 669 695 569 
689 711 637 655 738 715 694 746 644 602 604 600 516 624 520 625 618 523 618 472 463 403 428 394 391 363 352 476 400 314 303 298 278 342 269 282 246 223 320 185 270 0 221 219 191 194 182 149 173 110 324 260 299 362 381 305 286 348 273 229 345 445 382 490 389 426 427 383 466 324 603 538 608 601 486 555 525 537 608 449 670 621 672 585 608 653 657 532 573 505 754 789 760 736 657 648 709 728 754 628 
669 691 617 635 718 695 674 726 624 582 584 580 496 604 500 605 598 503 598 452 443 383 408 374 371 343 332 456 380 294 283 278 258 322 249 262 226 203 300 165 250 113 0 199 171 174 162 129 153 90 304 240 279 342 361 285 266 328 253 209 325 425 362 470 369 406 407 363 446 304 583 518 588 581 466 535 505 517 588 429 650 601 652 565 588 633 637 512 553 485 734 769 740 716 637 628 689 708 734 608 
708 730 656 674 757 734 713 765 663 621 623 619 535 643 539 644 637 542 637 491 482 422 447 413 410 382 371 495 419 333 322 317 297 361 288 301 265 242 339 204 289 152 240 0 210 213 201 168 192 129 343 279 318 381 400 324 305 367 292 248 364 464 401 509 408 445 446 402 485 343 622 557 627 620 505 574 544 556 627 468 689 640 691 604 627 672 676 551 592 524 773 808 779 755 676 667 728 747 773 647 
689 711 637 655 738 715 694 746 644 602 604 600 516 624 520 625 618 523 618 472 463 403 428 394 391 363 352 476 400 314 303 298 278 342 269 282 246 223 320 185 270 133 221 219 0 194 182 149 173 110 324 260 299 362 381 305 286 348 273 229 345 445 382 490 389 426 427 383 466 324 603 538 608 601 486 555 525 537 608 449 670 621 672 585 608 653 657 532 573 505 754 789 760 736 657 648 709 728 754 628 
617 639 565 583 666 643 622 674 572 530 532 528 444 552 448 553 546 451 546 400 391 331 356 322 319 291 280 404 328 242 231 226 206 270 197 210 174 151 248 113 198 61 149 147 119 0 110 77 101 38 252 188 227 290 309 233 214 276 201 157 273 373 310 418 317 354 355 311 394 252 531 466 536 529 414 483 453 465 536 377 598 549 600 513 536 581 585 460 501 433 682 717 688 664 585 576 637 656 682 556 
681 703 629 647 730 707 686 738 636 594 596 592 508 616 512 617 610 515 610 464 455 395 420 386 383 355 344 468 392 306 295 290 270 334 261 274 238 215 312 177 262 125 213 211 183 186 0 141 165 102 316 252 291 354 373 297 278 340 265 221 337 437 374 482 381 418 419 375 458 316 595 530 600 593 478 547 517 529 600 441 662 613 664 577 600 645 649 524 565 497 746 781 752 728 649 640 701 720 746 620 
611 633 559 577 660 637 616 668 566 524 526 522 438 546 442 547 540 445 540 394 385 325 350 316 313 285 274 398 322 236 225 220 200 264 191 204 168 145 242 107 192 55 143 141 113 116 104 0 95 32 246 182 221 284 303 227 208 270 195 151 267 367 304 412 311 348 349 305 388 246 525 460 530 523 408 477 447 459 530 371 592 543 594 507 530 575 579 454 495 427 676 711 682 658 579 570 631 650 676 550 
701 723 649 667 750 727 706 758 656 614 616 612 528 636 532 637 630 535 630 484 475 415 440 406 403 375 364 488 412 326 315 310 290 354 281 294 258 235 332 197 282 145 233 231 203 206 194 161 0 122 336 272 311 374 393 317 298 360 285 241 357 457 394 502 401 438 439 395 478 336 615 550 620 613 498 567 537 549 620 461 682 633 684 597 620 665 669 544 585 517 766 801 772 748 669 660 721 740 766 640 
579 601 527 545 628 605 584 636 534 492 494 490 406 514 410 515 508 413 508 362 353 293 318 284 281 253 242 366 290 204 193 188 168 232 159 172 136 113 210 75 160 23 111 109 81 84 72 39 63 0 214 150 189 252 271 195 176 238 163 119 235 335 272 380 279 316 317 273 356 214 493 428 498 491 376 445 415 427 498 339 560 511 562 475 498 543 547 422 463 395 644 679 650 626 547 538 599 618 644 518 
727 749 675 693 776 753 732 784 682 640 642 638 554 662 558 663 656 561 656 510 501 441 466 432 429 401 390 514 438 352 341 336 316 380 307 320 284 261 358 223 308 171 259 257 229 232 220 187 211 148 0 60 99 162 181 105 86 148 73 29 145 245 182 290 189 226 227 183 266 124 403 338 408 401 286 355 325 337 408 249 470 421 472 385 408 453 457 332 373 305 554 589 560 536 457 448 509 528 554 428 
769 791 717 735 818 795 774 826 724 682 684 680 596 704 600 705 698 603 698 552 543 483 508 474 471 443 432 556 480 394 383 378 358 422 349 362 326 303 400 265 350 213 301 299 271 274 262 229 253 190 166 0 141 204 223 147 128 190 115 71 187 287 224 332 231 268 269 225 308 166 445 380 450 443 328 397 367 379 450 291 512 463 514 427 450 495 499 374 415 347 596 631 602 578 499 490 551 570 596 470 
866 888 814 832 915 892 871 923 821 779 781 777 693 801 697 802 795 700 795 649 640 580 605 571 568 540 529 653 577 491 480 475 455 519 446 459 423 400 497 362 447 310 398 396 368 371 359 326 350 287 263 199 0 301 320 244 225 287 212 168 284 384 321 429 328 365 366 322 405 263 542 477 547 540 425 494 464 476 547 388 609 560 611 524 547 592 596 471 512 444 693 728 699 675 596 587 648 667 693 567 
815 837 763 781 864 841 820 872 770 728 730 726 642 750 646 751 744 649 744 598 589 529 554 520 517 489 478 602 526 440 429 424 404 468 395 408 372 349 446 311 396 259 347 345 317 320 308 275 299 236 212 148 187 0 269 193 174 236 161 117 233 333 270 378 277 314 315 271 354 212 491 426 496 489 374 443 413 425 496 337 558 509 560 473 496 541 545 420 461 393 642 677 648 624 545 536 597 616 642 516 
795 817 743 761 844 821 800 852 750 708 710 706 622 730 626 731 724 629 724 578 569 509 534 500 497 469 458 582 506 420 409 404 384 448 375 388 352 329 426 291 376 239 327 325 297 300 288 255 279 216 192 128 167 230 0 173 154 216 141 97 213 313 250 358 257 294 295 251 334 192 471 406 476 469 354 423 393 405 476 317 538 489 540 453 476 521 525 400 441 373 622 657 628 604 525 516 577 596 622 496 
851 873 799 817 900 877 856 908 806 764 766 762 678 786 682 787 780 685 780 634 625 565 590 556 553 525 514 638 562 476 465 460 440 504 431 444 408 385 482 347 432 295 383 381 353 356 344 311 335 272 248 184 223 286 305 0 210 272 197 153 269 369 306 414 313 350 351 307 390 248 527 462 532 525 410 479 449 461 532 373 594 545 596 509 532 577 581 456 497 429 678 713 684 660 581 572 633 652 678 552 
743 765 691 709 792 769 748 800 698 656 658 654 570 678 574 679 672 577 672 526 517 457 482 448 445 417 406 530 454 368 357 352 332 396 323 336 300 277 374 239 324 187 275 273 245 248 236 203 227 164 140 76 115 178 197 121 0 164 89 45 161 261 198 306 205 242 243 199 282 140 419 354 424 417 302 371 341 353 424 265 486 437 488 401 424 469 473 348 389 321 570 605 576 552 473 464 525 544 570 444 
756 778 704 722 805 782 761 813 711 669 671 667 583 691 587 692 685 590 685 539 530 470 495 461 458 430 419 543 467 381 370 365 345 409 336 349 313 290 387 252 337 200 288 286 258 261 249 216 240 177 153 89 128 191 210 134 115 0 102 58 174 274 211 319 218 255 256 212 295 153 432 367 437 430 315 384 354 366 437 278 499 450 501 414 437 482 486 361 402 334 583 618 589 565 486 477 538 557 583 457 
759 781 707 725 808 785 764 816 714 672 674 670 586 694 590 695 688 593 688 542 533 473 498 464 461 433 422 546 470 384 373 368 348 412 339 352 316 293 390 255 340 203 291 289 261 264 252 219 243 180 156 92 131 194 213 137 118 180 0 61 177 277 214 322 221 258 259 215 298 156 435 370 440 433 318 387 357 369 440 281 502 453 504 417 440 485 489 364 405 337 586 621 592 568 489 480 541 560 586 460 
698 720 646 664 747 724 703 755 653 611 613 609 525 633 529 634 627 532 627 481 472 412 437 403 400 372 361 485 409 323 312 307 287 351 278 291 255 232 329 194 279 142 230 228 200 203 191 158 182 119 95 31 70 133 152 76 57 119 44 0 116 216 153 261 160 197 198 154 237 95 374 309 379 372 257 326 296 308 379 220 441 392 443 356 379 424 428 303 344 276 525 560 531 507 428 419 480 499 525 399 
847 869 795 813 896 873 852 904 802 760 762 758 674 782 678 783 776 681 776 630 621 561 586 552 549 521 510 634 558 472 461 456 436 500 427 440 404 381 478 343 428 291 379 377 349 352 340 307 331 268 244 180 219 282 301 225 206 268 193 149 0 175 112 220 119 156 157 113 196 54 333 268 338 331 216 285 255 267 338 179 400 351 402 315 338 383 387 262 303 235 484 519 490 466 387 378 439 458 484 358 
960 982 908 926 1009 986 965 1017 915 873 875 871 787 895 791 896 889 794 889 743 734 674 699 665 662 634 623 747 671 585 574 569 549 613 540 553 517 494 591 456 541 404 492 490 462 465 453 420 444 381 357 293 332 395 414 338 319 381 306 262 188 0 225 333 232 269 270 226 309 167 446 381 451 444 329 398 368 380 451 292 513 464 515 428 451 496 500 375 416 348 597 632 603 579 500 491 552 571 597 471 
906 928 854 872 955 932 911 963 861 819 821 817 733 841 737 842 835 740 835 689 680 620 645 611 608 580 569 693 617 531 520 515 495 559 486 499 463 440 537 402 487 350 438 436 408 411 399 366 390 327 303 239 278 341 360 284 265 327 252 208 134 234 0 279 178 215 216 172 255 113 392 327 397 390 275 344 314 326 397 238 459 410 461 374 397 442 446 321 362 294 543 578 549 525 446 437 498 517 543 417 
887 909 835 853 936 913 892 944 842 800 802 798 714 822 718 823 816 721 816 670 661 601 626 592 589 561 550 674 598 512 501 496 476 540 467 480 444 421 518 383 468 331 419 417 389 392 380 347 371 308 284 220 259 322 341 265 246 308 233 189 115 215 152 0 159 196 197 153 236 94 373 308 378 371 256 325 295 307 378 219 440 391 442 355 378 423 427 302 343 275 524 559 530 506 427 418 479 498 524 398 
903 925 851 869 952 929 908 960 858 816 818 814 730 838 734 839 832 737 832 686 677 617 642 608 605 577 566 690 614 528 517 512 492 556 483 496 460 437 534 399 484 347 435 433 405 408 396 363 387 324 300 236 275 338 357 281 262 324 249 205 131 231 168 276 0 212 213 169 252 110 389 324 394 387 272 341 311 323 394 235 456 407 458 371 394 439 443 318 359 291 540 575 546 522 443 434 495 514 540 414 
832 854 780 798 881 858 837 889 787 745 747 743 659 767 663 768 761 666 761 615 606 546 571 537 534 506 495 619 543 457 446 441 421 485 412 425 389 366 463 328 413 276 364 362 334 337 325 292 316 253 229 165 204 267 286 210 191 253 178 134 60 160 97 205 104 0 142 98 181 39 318 253 323 316 201 270 240 252 323 164 385 336 387 300 323 368 372 247 288 220 469 504 475 451 372 363 424 443 469 343 
835 857 783 801 884 861 840 892 790 748 750 746 662 770 666 771 764 669 764 618 609 549 574 540 537 509 498 622 546 460 449 444 424 488 415 428 392 369 466 331 416 279 367 365 337 340 328 295 319 256 232 168 207 270 289 213 194 256 181 137 63 163 100 208 107 144 0 101 184 42 321 256 326 319 204 273 243 255 326 167 388 339 390 303 326 371 375 250 291 223 472 507 478 454 375 366 427 446 472 346 
892 914 840 858 941 918 897 949 847 805 807 803 719 827 723 828 821 726 821 675 666 606 631 597 594 566 555 679 603 517 506 501 481 545 472 485 449 426 523 388 473 336 424 422 394 397 385 352 376 313 289 225 264 327 346 270 251 313 238 194 120 220 157 265 164 201 202 0 241 99 378 313 383 376 261 330 300 312 383 224 445 396 447 360 383 428 432 307 348 280 529 564 535 511 432 423 484 503 529 403 
921 943 869 887 970 947 926 978 876 834 836 832 748 856 752 857 850 755 850 704 695 635 660 626 623 595 584 708 632 546 535 530 510 574 501 514 478 455 552 417 502 365 453 451 423 426 414 381 405 342 318 254 293 356 375 299 280 342 267 223 149 249 186 294 193 230 231 187 0 128 407 342 412 405 290 359 329 341 412 253 474 425 476 389 412 457 461 336 377 309 558 593 564 540 461 452 513 532 558 432 
793 815 741 759 842 819 798 850 748 706 708 704 620 728 624 729 722 627 722 576 567 507 532 498 495 467 456 580 504 418 407 402 382 446 373 386 350 327 424 289 374 237 325 323 295 298 286 253 277 214 190 126 165 228 247 171 152 214 139 95 21 121 58 166 65 102 103 59 142 0 279 214 284 277 162 231 201 213 284 125 346 297 348 261 284 329 333 208 249 181 430 465 436 412 333 324 385 404 430 304 
1081 1103 1029 1047 1130 1107 1086 1138 1036 994 996 992 908 1016 912 1017 1010 915 1010 864 855 795 820 786 783 755 744 868 792 706 695 690 670 734 661 674 638 615 712 577 662 525 613 611 583 586 574 541 565 502 478 414 453 516 535 459 440 502 427 383 309 409 346 454 353 390 391 347 430 288 0 252 322 315 200 269 239 251 322 163 384 335 386 299 322 367 371 246 287 219 468 503 474 450 371 362 423 442 468 342 
981 1003 929 947 1030 1007 986 1038 936 894 896 892 808 916 812 917 910 815 910 764 755 695 720 686 683 655 644 768 692 606 595 590 570 634 561 574 538 515 612 477 562 425 513 511 483 486 474 441 465 402 378 314 353 416 435 359 340 402 327 283 209 309 246 354 253 290 291 247 330 188 217 0 222 215 100 169 139 151 222 63 284 235 286 199 222 267 271 146 187 119 368 403 374 350 271 262 323 342 368 242 
1012 1034 960 978 1061 1038 1017 1069 967 925 927 923 839 947 843 948 941 846 941 795 786 726 751 717 714 686 675 799 723 637 626 621 601 665 592 605 569 546 643 508 593 456 544 542 514 517 505 472 496 433 409 345 384 447 466 390 371 433 358 314 240 340 277 385 284 321 322 278 361 219 248 183 0 246 131 200 170 182 253 94 315 266 317 230 253 298 302 177 218 150 399 434 405 381 302 293 354 373 399 273 
970 992 918 936 1019 996 975 1027 925 883 885 881 797 905 801 906 899 804 899 753 744 684 709 675 672 644 633 757 681 595 584 579 559 623 550 563 527 504 601 466 551 414 502 500 472 475 463 430 454 391 367 303 342 405 424 348 329 391 316 272 198 298 235 343 242 279 280 236 319 177 206 141 211 0 89 158 128 140 211 52 273 224 275 188 211 256 260 135 176 108 357 392 363 339 260 251 312 331 357 231 
957 979 905 923 1006 983 962 1014 912 870 872 868 784 892 788 893 886 791 886 740 731 671 696 662 659 631 620 744 668 582 571 566 546 610 537 550 514 491 588 453 538 401 489 487 459 462 450 417 441 378 354 290 329 392 411 335 316 378 303 259 185 285 222 330 229 266 267 223 306 164 193 128 198 191 0 145 115 127 198 39 260 211 262 175 198 243 247 122 163 95 344 379 350 326 247 238 299 318 344 218 
1008 1030 956 974 1057 1034 1013 1065 963 921 923 919 835 943 839 944 937 842 937 791 782 722 747 713 710 682 671 795 719 633 622 617 597 661 588 601 565 542 639 504 589 452 540 538 510 513 501 468 492 429 405 341 380 443 462 386 367 429 354 310 236 336 273 381 280 317 318 274 357 215 244 179 249 242 127 0 166 178 249 90 311 262 313 226 249 294 298 173 214 146 395 430 401 377 298 289 350 369 395 269 
1051 1073 999 1017 1100 1077 1056 1108 1006 964 966 962 878 986 882 987 980 885 980 834 825 765 790 756 753 725 714 838 762 676 665 660 640 704 631 644 608 585 682 547 632 495 583 581 553 556 544 511 535 472 448 384 423 486 505 429 410 472 397 353 279 379 316 424 323 360 361 317 400 258 287 222 292 285 170 239 0 221 292 133 354 305 356 269 292 337 341 216 257 189 438 473 444 420 341 332 393 412 438 312 
1044 1066 992 1010 1093 1070 1049 1101 999 957 959 955 871 979 875 980 973 878 973 827 818 758 783 749 746 718 707 831 755 669 658 653 633 697 624 637 601 578 675 540 625 488 576 574 546 549 537 504 528 465 441 377 416 479 498 422 403 465 390 346 272 372 309 417 316 353 354 310 393 251 280 215 285 278 163 232 202 0 285 126 347 298 349 262 285 330 334 209 250 182 431 466 437 413 334 325 386 405 431 305 
1061 1083 1009 1027 1110 1087 1066 1118 1016 974 976 972 888 996 892 997 990 895 990 844 835 775 800 766 763 735 724 848 772 686 675 670 650 714 641 654 618 595 692 557 642 505 593 591 563 566 554 521 545 482 458 394 433 496 515 439 420 482 407 363 289 389 326 434 333 370 371 327 410 268 297 232 302 295 180 249 219 231 0 143 364 315 366 279 302 347 351 226 267 199 448 483 454 430 351 342 403 422 448 322 
918 940 866 884 967 944 923 975 873 831 833 829 745 853 749 854 847 752 847 701 692 632 657 623 620 592 581 705 629 543 532 527 507 571 498 511 475 452 549 414 499 362 450 448 420 423 411 378 402 339 315 251 290 353 372 296 277 339 264 220 146 246 183 291 190 227 228 184 267 125 154 89 159 152 37 106 76 88 159 0 221 172 223 136 159 204 208 83 124 56 305 340 311 287 208 199 260 279 305 179 
1127 1149 1075 1093 1176 1153 1132 1184 1082 1040 1042 1038 954 1062 958 1063 1056 961 1056 910 901 841 866 832 829 801 790 914 838 752 741 736 716 780 707 720 684 661 758 623 708 571 659 657 629 632 620 587 611 548 524 460 499 562 581 505 486 548 473 429 355 455 392 500 399 436 437 393 476 334 363 298 368 361 246 315 285 297 368 209 0 269 320 233 256 301 305 180 221 153 402 437 408 384 305 296 357 376 402 276 
996 1018 944 962 1045 1022 1001 1053 951 909 911 907 823 931 827 932 925 830 925 779 770 710 735 701 698 670 659 783 707 621 610 605 585 649 576 589 553 530 627 492 577 440 528 526 498 501 489 456 480 417 393 329 368 431 450 374 355 417 342 298 224 324 261 369 268 305 306 262 345 203 232 167 237 230 115 184 154 166 237 78 187 0 189 102 125 170 174 49 90 22 271 306 277 253 174 165 226 245 271 145 
1052 1074 1000 1018 1101 1078 1057 1109 1007 965 967 963 879 987 883 988 981 886 981 835 826 766 791 757 754 726 715 839 763 677 666 661 641 705 632 645 609 586 683 548 633 496 584 582 554 557 545 512 536 473 449 385 424 487 506 430 411 473 398 354 280 380 317 425 324 361 362 318 401 259 288 223 293 286 171 240 210 222 293 134 243 194 0 158 181 226 230 105 146 78 327 362 333 309 230 221 282 301 327 201 
1071 1093 1019 1037 1120 1097 1076 1128 1026 984 986 982 898 1006 902 1007 1000 905 1000 854 845 785 810 776 773 745 734 858 782 696 685 680 660 724 651 664 628 605 702 567 652 515 603 601 573 576 564 531 555 492 468 404 443 506 525 449 430 492 417 373 299 399 336 444 343 380 381 337 420 278 307 242 312 305 190 259 229 241 312 153 262 213 264 0 200 245 249 124 165 97 346 381 352 328 249 240 301 320 346 220 
1138 1160 1086 1104 1187 1164 1143 1195 1093 1051 1053 1049 965 1073 969 1074 1067 972 1067 921 912 852 877 843 840 812 801 925 849 763 752 747 727 791 718 731 695 672 769 634 719 582 670 668 640 643 631 598 622 559 535 471 510 573 592 516 497 559 484 440 366 466 403 511 410 447 448 404 487 345 374 309 379 372 257 326 296 308 379 220 329 280 331 244 0 312 316 191 232 164 413 448 419 395 316 307 368 387 413 287 
1066 1088 1014 1032 1115 1092 1071 1123 1021 979 981 977 893 1001 897 1002 995 900 995 849 840 780 805 771 768 740 729 853 777 691 680 675 655 719 646 659 623 600 697 562 647 510 598 596 568 571 559 526 550 487 463 399 438 501 520 444 425 487 412 368 294 394 331 439 338 375 376 332 415 273 302 237 307 300 185 254 224 236 307 148 257 208 259 172 195 0 244 119 160 92 341 376 347 323 244 235 296 315 341 215 
1052 1074 1000 1018 1101 1078 1057 1109 1007 965 967 963 879 987 883 988 981 886 981 835 826 766 791 757 754 726 715 839 763 677 666 661 641 705 632 645 609 586 683 548 633 496 584 582 554 557 545 512 536 473 449 385 424 487 506 430 411 473 398 354 280 380 317 425 324 361 362 318 401 259 288 223 293 286 171 240 210 222 293 134 243 194 245 158 181 226 0 105 146 78 327 362 333 309 230 221 282 301 327 201 
1040 1062 988 1006 1089 1066 1045 1097 995 953 955 951 867 975 871 976 969 874 969 823 814 754 779 745 742 714 703 827 751 665 654 649 629 693 620 633 597 574 671 536 621 484 572 570 542 545 533 500 524 461 437 373 412 475 494 418 399 461 386 342 268 368 305 413 312 349 350 306 389 247 276 211 281 274 159 228 198 210 281 122 231 182 233 146 169 214 218 0 134 66 315 350 321 297 218 209 270 289 315 189 
1063 1085 1011 1029 1112 1089 1068 1120 1018 976 978 974 890 998 894 999 992 897 992 846 837 777 802 768 765 737 726 850 774 688 677 672 652 716 643 656 620 597 694 559 644 507 595 593 565 568 556 523 547 484 460 396 435 498 517 441 422 484 409 365 291 391 328 436 335 372 373 329 412 270 299 234 304 297 182 251 221 233 304 145 254 205 256 169 192 237 241 116 0 89 338 373 344 320 241 232 293 312 338 212 
974 996 922 940 1023 1000 979 1031 929 887 889 885 801 909 805 910 903 808 903 757 748 688 713 679 676 648 637 761 685 599 588 583 563 627 554 567 531 508 605 470 555 418 506 504 476 479 467 434 458 395 371 307 346 409 428 352 333 395 320 276 202 302 239 347 246 283 284 240 323 181 210 145 215 208 93 162 132 144 215 56 165 116 167 80 103 148 152 27 68 0 249 284 255 231 152 143 204 223 249 123 
1172 1194 1120 1138 1221 1198 1177 1229 1127 1085 1087 1083 999 1107 1003 1108 1101 1006 1101 955 946 886 911 877 874 846 835 959 883 797 786 781 761 825 752 765 729 706 803 668 753 616 704 702 674 677 665 632 656 593 569 505 544 607 626 550 531 593 518 474 400 500 437 545 444 481 482 438 521 379 408 343 413 406 291 360 330 342 413 254 363 314 365 278 301 346 350 225 266 198 0 236 207 183 104 95 156 175 201 75 
1157 1179 1105 1123 1206 1183 1162 1214 1112 1070 1072 1068 984 1092 988 1093 1086 991 1086 940 931 871 896 862 859 831 820 944 868 782 771 766 746 810 737 750 714 691 788 653 738 601 689 687 659 662 650 617 641 578 554 490 529 592 611 535 516 578 503 459 385 485 422 530 429 466 467 423 506 364 393 328 398 391 276 345 315 327 398 239 348 299 350 263 286 331 335 210 251 183 186 0 192 168 89 80 141 160 186 60 
1253 1275 1201 1219 1302 1279 1258 1310 1208 1166 1168 1164 1080 1188 1084 1189 1182 1087 1182 1036 1027 967 992 958 955 927 916 1040 964 878 867 862 842 906 833 846 810 787 884 749 834 697 785 783 755 758 746 713 737 674 650 586 625 688 707 631 612 674 599 555 481 581 518 626 525 562 563 519 602 460 489 424 494 487 372 441 411 423 494 335 444 395 446 359 382 427 431 306 347 279 282 317 0 264 185 176 237 256 282 156 
1253 1275 1201 1219 1302 1279 1258 1310 1208 1166 1168 1164 1080 1188 1084 1189 1182 1087 1182 1036 1027 967 992 958 955 927 916 1040 964 878 867 862 842 906 833 846 810 787 884 749 834 697 785 783 755 758 746 713 737 674 650 586 625 688 707 631 612 674 599 555 481 581 518 626 525 562 563 519 602 460 489 424 494 487 372 441 411 423 494 335 444 395 446 359 382 427 431 306 347 279 282 317 288 0 185 176 237 256 282 156 
1201 1223 1149 1167 1250 1227 1206 1258 1156 1114 1116 1112 1028 1136 1032 1137 1130 1035 1130 984 975 915 940 906 903 875 864 988 912 826 815 810 790 854 781 794 758 735 832 697 782 645 733 731 703 706 694 661 685 622 598 534 573 636 655 579 560 622 547 503 429 529 466 574 473 510 511 467 550 408 437 372 442 435 320 389 359 371 442 283 392 343 394 307 330 375 379 254 295 227 230 265 236 212 0 124 185 204 230 104 
1140 1162 1088 1106 1189 1166 1145 1197 1095 1053 1055 1051 967 1075 971 1076 1069 974 1069 923 914 854 879 845 842 814 803 927 851 765 754 749 729 793 720 733 697 674 771 636 721 584 672 670 642 645 633 600 624 561 537 473 512 575 594 518 499 561 486 442 368 468 405 513 412 449 450 406 489 347 376 311 381 374 259 328 298 310 381 222 331 282 333 246 269 314 318 193 234 166 169 204 175 151 72 0 124 143 169 43 
1152 1174 1100 1118 1201 1178 1157 1209 1107 1065 1067 1063 979 1087 983 1088 1081 986 1081 935 926 866 891 857 854 826 815 939 863 777 766 761 741 805 732 745 709 686 783 648 733 596 684 682 654 657 645 612 636 573 549 485 524 587 606 530 511 573 498 454 380 480 417 525 424 461 462 418 501 359 388 323 393 386 271 340 310 322 393 234 343 294 345 258 281 326 330 205 246 178 181 216 187 163 84 75 0 155 181 55 
1164 1186 1112 1130 1213 1190 1169 1221 1119 1077 1079 1075 991 1099 995 1100 1093 998 1093 947 938 878 903 869 866 838 827 951 875 789 778 773 753 817 744 757 721 698 795 660 745 608 696 694 666 669 657 624 648 585 561 497 536 599 618 542 523 585 510 466 392 492 429 537 436 473 474 430 513 371 400 335 405 398 283 352 322 334 405 246 355 306 357 270 293 338 342 217 258 190 193 228 199 175 96 87 148 0 193 67 
1205 1227 1153 1171 1254 1231 1210 1262 1160 1118 1120 1116 1032 1140 1036 1141 1134 1039 1134 988 979 919 944 910 907 879 868 992 916 830 819 814 794 858 785 798 762 739 836 701 786 649 737 735 707 710 698 665 689 626 602 538 577 640 659 583 564 626 551 507 433 533 470 578 477 514 515 471 554 412 441 376 446 439 324 393 363 375 446 287 396 347 398 311 334 379 383 258 299 231 234 269 240 216 137 128 189 208 0 108 
1097 1119 1045 1063 1146 1123 1102 1154 1052 1010 1012 1008 924 1032 928 1033 1026 931 1026 880 871 811 836 802 799 771 760 884 808 722 711 706 686 750 677 690 654 631 728 593 678 541 629 627 599 602 590 557 581 518 494 430 469 532 551 475 456 518 443 399 325 425 362 470 369 406 407 363 446 304 333 268 338 331 216 285 255 267 338 179 288 239 290 203 226 271 275 150 191 123 126 161 132 108 29 20 81 100 126 0 

Execution time is 42 ms
