Number of vertices are 10

Following matrix shows the shortest distances between every pair of vertices

0 91 192 215 316 389 409 447 512 618 
91 0 101 124 225 298 318 356 421 527 
192 101 0 23 124 197 217 255 320 426 
215 124 23 0 101 174 194 232 297 403 
316 225 124 101 0 73 93 131 196 302 
389 298 197 174 73 0 20 58 123 229 
409 318 217 194 93 20 0 38 103 209 
447 356 255 232 131 58 38 0 65 171 
512 421 320 297 196 123 103 65 0 106 
618 527 426 403 302 229 209 171 106 0 

Execution time is 0 ms
