Number of vertices are 50

Following matrix shows the shortest distances between every pair of vertices

0 51 124 68 97 111 145 148 64 30 247 267 219 233 323 303 247 246 220 164 361 474 469 502 428 383 461 404 406 334 556 563 533 628 587 537 577 598 594 479 668 565 563 641 559 591 650 571 690 535 
104 0 142 86 115 129 163 166 82 48 265 285 237 251 341 321 265 264 238 182 379 492 487 520 446 401 479 422 424 352 574 581 551 646 605 555 595 616 612 497 686 583 581 659 577 609 668 589 708 553 
168 133 0 150 179 193 227 230 146 112 329 349 301 315 405 385 329 328 302 246 443 556 551 584 510 465 543 486 488 416 638 645 615 710 669 619 659 680 676 561 750 647 645 723 641 673 732 653 772 617 
96 61 134 0 107 121 155 158 74 40 257 277 229 243 333 313 257 256 230 174 371 484 479 512 438 393 471 414 416 344 566 573 543 638 597 547 587 608 604 489 678 575 573 651 569 601 660 581 700 545 
89 54 127 71 0 114 148 151 67 33 250 270 222 236 326 306 250 249 223 167 364 477 472 505 431 386 464 407 409 337 559 566 536 631 590 540 580 601 597 482 671 568 566 644 562 594 653 574 693 538 
118 83 156 100 129 0 177 180 96 62 279 299 251 265 355 335 279 278 252 196 393 506 501 534 460 415 493 436 438 366 588 595 565 660 619 569 609 630 626 511 700 597 595 673 591 623 682 603 722 567 
109 74 147 91 120 134 0 171 87 53 270 290 242 256 346 326 270 269 243 187 384 497 492 525 451 406 484 427 429 357 579 586 556 651 610 560 600 621 617 502 691 588 586 664 582 614 673 594 713 558 
105 70 143 87 116 130 164 0 83 49 266 286 238 252 342 322 266 265 239 183 380 493 488 521 447 402 480 423 425 353 575 582 552 647 606 556 596 617 613 498 687 584 582 660 578 610 669 590 709 554 
214 179 252 196 225 239 273 276 0 158 375 395 347 361 451 431 375 374 348 292 489 602 597 630 556 511 589 532 534 462 684 691 661 756 715 665 705 726 722 607 796 693 691 769 687 719 778 699 818 663 
56 21 94 38 67 81 115 118 34 0 217 237 189 203 293 273 217 216 190 134 331 444 439 472 398 353 431 374 376 304 526 533 503 598 557 507 547 568 564 449 638 535 533 611 529 561 620 541 660 505 
227 192 265 209 238 252 286 289 205 171 0 140 92 106 196 176 120 119 93 37 234 347 342 375 301 256 334 277 279 207 429 436 406 501 460 410 450 471 467 352 541 438 436 514 432 464 523 444 563 408 
227 192 265 209 238 252 286 289 205 171 120 0 92 106 196 176 120 119 93 37 234 347 342 375 301 256 334 277 279 207 429 436 406 501 460 410 450 471 467 352 541 438 436 514 432 464 523 444 563 408 
231 196 269 213 242 256 290 293 209 175 124 144 0 110 200 180 124 123 97 41 238 351 346 379 305 260 338 281 283 211 433 440 410 505 464 414 454 475 471 356 545 442 440 518 436 468 527 448 567 412 
262 227 300 244 273 287 321 324 240 206 155 175 127 0 231 211 155 154 128 72 269 382 377 410 336 291 369 312 314 242 464 471 441 536 495 445 485 506 502 387 576 473 471 549 467 499 558 479 598 443 
343 308 381 325 354 368 402 405 321 287 236 256 208 222 0 292 236 235 209 153 350 463 458 491 417 372 450 393 395 323 545 552 522 617 576 526 566 587 583 468 657 554 552 630 548 580 639 560 679 524 
221 186 259 203 232 246 280 283 199 165 114 134 86 100 190 0 114 113 87 31 228 341 336 369 295 250 328 271 273 201 423 430 400 495 454 404 444 465 461 346 535 432 430 508 426 458 517 438 557 402 
270 235 308 252 281 295 329 332 248 214 163 183 135 149 239 219 0 162 136 80 277 390 385 418 344 299 377 320 322 250 472 479 449 544 503 453 493 514 510 395 584 481 479 557 475 507 566 487 606 451 
356 321 394 338 367 381 415 418 334 300 249 269 221 235 325 305 249 0 222 166 363 476 471 504 430 385 463 406 408 336 558 565 535 630 589 539 579 600 596 481 670 567 565 643 561 593 652 573 692 537 
226 191 264 208 237 251 285 288 204 170 119 139 91 105 195 175 119 118 0 36 233 346 341 374 300 255 333 276 278 206 428 435 405 500 459 409 449 470 466 351 540 437 435 513 431 463 522 443 562 407 
190 155 228 172 201 215 249 252 168 134 83 103 55 69 159 139 83 82 56 0 197 310 305 338 264 219 297 240 242 170 392 399 369 464 423 373 413 434 430 315 504 401 399 477 395 427 486 407 526 371 
524 489 562 506 535 549 583 586 502 468 417 437 389 403 493 473 417 416 390 334 0 304 299 332 258 213 291 234 236 164 386 393 363 458 417 367 407 428 424 309 498 395 393 471 389 421 480 401 520 365 
524 489 562 506 535 549 583 586 502 468 417 437 389 403 493 473 417 416 390 334 191 0 299 332 258 213 291 234 236 164 386 393 363 458 417 367 407 428 424 309 498 395 393 471 389 421 480 401 520 365 
471 436 509 453 482 496 530 533 449 415 364 384 336 350 440 420 364 363 337 281 138 251 0 279 205 160 238 181 183 111 333 340 310 405 364 314 354 375 371 256 445 342 340 418 336 368 427 348 467 312 
464 429 502 446 475 489 523 526 442 408 357 377 329 343 433 413 357 356 330 274 131 244 239 0 198 153 231 174 176 104 326 333 303 398 357 307 347 368 364 249 438 335 333 411 329 361 420 341 460 305 
418 383 456 400 429 443 477 480 396 362 311 331 283 297 387 367 311 310 284 228 85 198 193 226 0 107 185 128 130 58 280 287 257 352 311 261 301 322 318 203 392 289 287 365 283 315 374 295 414 259 
454 419 492 436 465 479 513 516 432 398 347 367 319 333 423 403 347 346 320 264 121 234 229 262 188 0 221 164 166 94 316 323 293 388 347 297 337 358 354 239 428 325 323 401 319 351 410 331 450 295 
528 493 566 510 539 553 587 590 506 472 421 441 393 407 497 477 421 420 394 338 195 308 303 336 262 217 0 238 240 168 390 397 367 462 421 371 411 432 428 313 502 399 397 475 393 425 484 405 524 369 
413 378 451 395 424 438 472 475 391 357 306 326 278 292 382 362 306 305 279 223 80 193 188 221 147 102 180 0 125 53 275 282 252 347 306 256 296 317 313 198 387 284 282 360 278 310 369 290 409 254 
394 359 432 376 405 419 453 456 372 338 287 307 259 273 363 343 287 286 260 204 61 174 169 202 128 83 161 104 0 34 256 263 233 328 287 237 277 298 294 179 368 265 263 341 259 291 350 271 390 235 
360 325 398 342 371 385 419 422 338 304 253 273 225 239 329 309 253 252 226 170 27 140 135 168 94 49 127 70 72 0 222 229 199 294 253 203 243 264 260 145 334 231 229 307 225 257 316 237 356 201 
658 623 696 640 669 683 717 720 636 602 551 571 523 537 627 607 551 550 524 468 325 438 433 466 392 347 425 368 370 298 0 237 207 302 261 211 251 272 268 153 342 239 237 315 233 265 324 245 364 209 
659 624 697 641 670 684 718 721 637 603 552 572 524 538 628 608 552 551 525 469 326 439 434 467 393 348 426 369 371 299 231 0 208 303 262 212 252 273 269 154 343 240 238 316 234 266 325 246 365 210 
645 610 683 627 656 670 704 707 623 589 538 558 510 524 614 594 538 537 511 455 312 425 420 453 379 334 412 355 357 285 217 224 0 289 248 198 238 259 255 140 329 226 224 302 220 252 311 232 351 196 
589 554 627 571 600 614 648 651 567 533 482 502 454 468 558 538 482 481 455 399 256 369 364 397 323 278 356 299 301 229 161 168 138 0 192 142 182 203 199 84 273 170 168 246 164 196 255 176 295 140 
539 504 577 521 550 564 598 601 517 483 432 452 404 418 508 488 432 431 405 349 206 319 314 347 273 228 306 249 251 179 111 118 88 183 0 92 132 153 149 34 223 120 118 196 114 146 205 126 245 90 
614 579 652 596 625 639 673 676 592 558 507 527 479 493 583 563 507 506 480 424 281 394 389 422 348 303 381 324 326 254 186 193 163 258 217 0 207 228 224 109 298 195 193 271 189 221 280 201 320 165 
662 627 700 644 673 687 721 724 640 606 555 575 527 541 631 611 555 554 528 472 329 442 437 470 396 351 429 372 374 302 234 241 211 306 265 215 0 276 272 157 346 243 241 319 237 269 328 249 368 213 
600 565 638 582 611 625 659 662 578 544 493 513 465 479 569 549 493 492 466 410 267 380 375 408 334 289 367 310 312 240 172 179 149 244 203 153 193 0 210 95 284 181 179 257 175 207 266 187 306 151 
538 503 576 520 549 563 597 600 516 482 431 451 403 417 507 487 431 430 404 348 205 318 313 346 272 227 305 248 250 178 110 117 87 182 141 91 131 152 0 33 222 119 117 195 113 145 204 125 244 89 
505 470 543 487 516 530 564 567 483 449 398 418 370 384 474 454 398 397 371 315 172 285 280 313 239 194 272 215 217 145 77 84 54 149 108 58 98 119 115 0 189 86 84 162 80 112 171 92 211 56 
630 595 668 612 641 655 689 692 608 574 523 543 495 509 599 579 523 522 496 440 297 410 405 438 364 319 397 340 342 270 202 209 179 274 233 183 223 244 240 125 0 99 97 175 93 125 184 105 224 69 
719 684 757 701 730 744 778 781 697 663 612 632 584 598 688 668 612 611 585 529 386 499 494 527 453 408 486 429 431 359 291 298 268 363 322 272 312 333 329 214 291 0 186 264 182 214 273 194 313 158 
591 556 629 573 602 616 650 653 569 535 484 504 456 470 560 540 484 483 457 401 258 371 366 399 325 280 358 301 303 231 163 170 140 235 194 144 184 205 201 86 163 60 0 136 54 86 145 66 185 30 
647 612 685 629 658 672 706 709 625 591 540 560 512 526 616 596 540 539 513 457 314 427 422 455 381 336 414 357 359 287 219 226 196 291 250 200 240 261 257 142 219 116 114 0 110 142 201 122 241 86 
588 553 626 570 599 613 647 650 566 532 481 501 453 467 557 537 481 480 454 398 255 368 363 396 322 277 355 298 300 228 160 167 137 232 191 141 181 202 198 83 160 57 55 133 0 83 142 63 182 27 
600 565 638 582 611 625 659 662 578 544 493 513 465 479 569 549 493 492 466 410 267 380 375 408 334 289 367 310 312 240 172 179 149 244 203 153 193 214 210 95 172 69 67 145 63 0 154 75 194 39 
652 617 690 634 663 677 711 714 630 596 545 565 517 531 621 601 545 544 518 462 319 432 427 460 386 341 419 362 364 292 224 231 201 296 255 205 245 266 262 147 224 121 119 197 115 147 0 127 246 91 
646 611 684 628 657 671 705 708 624 590 539 559 511 525 615 595 539 538 512 456 313 426 421 454 380 335 413 356 358 286 218 225 195 290 249 199 239 260 256 141 218 115 113 191 109 141 200 0 240 85 
666 631 704 648 677 691 725 728 644 610 559 579 531 545 635 615 559 558 532 476 333 446 441 474 400 355 433 376 378 306 238 245 215 310 269 219 259 280 276 161 238 135 133 211 129 161 220 141 0 105 
561 526 599 543 572 586 620 623 539 505 454 474 426 440 530 510 454 453 427 371 228 341 336 369 295 250 328 271 273 201 133 140 110 205 164 114 154 175 171 56 133 30 28 106 24 56 115 36 155 0 

Execution time is 44 ms
