Number of vertices are 100

The shortest path from source to other vertices are: 

0 282 344 293 290 262 224 354 235 277 342 285 271 278 312 264 163 234 354 301 247 119 270 294 184 165 291 299 252 313 262 278 264 249 216 267 236 211 218 272 256 296 241 281 263 247 251 264 266 257 109 230 269 256 284 224 108 309 319 229 248 165 268 253 359 275 148 305 236 168 265 188 291 284 177 319 282 264 286 270 330 285 278 273 305 306 166 290 290 265 250 244 294 260 256 237 161 258 216 243 
262 0 310 279 258 285 257 301 167 157 244 271 231 214 261 268 238 137 216 219 113 291 231 224 301 126 226 124 310 240 253 246 238 221 319 131 209 202 237 233 203 236 173 257 302 248 233 167 287 293 224 273 251 218 289 303 239 209 130 255 231 233 239 151 276 197 200 261 237 277 214 260 160 286 303 209 262 276 210 155 237 237 239 103 108 310 276 248 277 271 105 116 241 241 135 214 241 242 281 273 
296 130 0 292 242 226 273 154 238 179 262 276 243 195 208 159 279 251 231 253 147 282 185 305 287 239 167 254 239 239 272 325 128 251 284 216 265 223 102 261 246 278 272 233 220 267 267 132 241 274 252 138 227 225 117 240 251 268 203 278 252 237 169 246 207 147 258 243 257 121 261 242 165 207 257 150 268 261 212 285 245 294 246 181 238 241 275 247 105 145 184 246 239 285 237 167 286 216 279 124 
248 278 223 0 326 277 291 321 260 278 237 250 225 237 234 231 227 250 251 242 295 294 220 146 281 115 167 249 288 176 131 259 236 257 292 159 225 297 219 178 116 130 290 242 326 117 202 221 269 270 158 230 171 196 157 280 242 179 239 244 220 278 267 211 276 276 289 280 243 256 233 249 139 252 259 252 264 290 229 288 241 219 228 231 131 262 254 230 255 258 286 264 144 157 117 237 235 198 263 255 
236 262 159 225 0 246 347 313 271 334 271 289 288 268 276 160 280 260 232 237 245 271 273 292 323 168 290 244 317 278 207 286 287 256 278 149 251 278 261 275 274 334 122 263 265 159 131 291 308 166 265 286 269 234 138 238 255 319 315 160 267 164 119 262 223 278 279 285 306 260 277 282 283 290 241 152 278 306 233 249 283 261 281 119 253 253 280 288 246 254 312 293 284 274 290 195 316 243 129 283 
221 155 217 269 149 0 262 340 259 225 226 254 275 234 268 279 246 101 229 239 233 266 107 181 209 246 286 279 223 106 248 241 269 162 233 225 237 109 256 254 229 127 247 256 156 214 243 221 221 121 234 227 216 242 270 233 239 240 174 241 218 212 174 306 182 261 328 228 300 289 279 246 277 117 163 249 313 308 221 223 201 238 270 212 253 257 119 212 217 255 220 271 205 229 244 251 229 218 124 271 
267 246 272 142 273 267 0 240 251 238 118 283 268 154 103 235 167 255 227 164 247 205 252 258 138 257 257 231 234 215 255 105 263 252 256 117 235 201 276 277 258 272 284 213 207 259 253 257 236 301 256 209 237 229 217 110 214 143 244 250 242 166 192 237 313 155 220 137 205 204 209 278 206 214 243 254 273 287 263 221 292 247 237 114 221 225 148 249 274 171 249 147 224 272 215 269 258 211 244 255 
262 240 310 264 257 234 256 0 288 357 236 264 237 189 279 228 242 236 264 351 277 269 227 309 320 321 226 277 246 232 232 249 276 278 253 262 334 289 232 252 316 267 270 303 118 255 248 262 242 272 243 141 124 284 171 269 245 300 136 332 246 158 241 307 228 270 297 325 233 229 303 259 153 210 103 256 272 147 286 299 131 210 210 264 233 300 248 291 225 227 239 315 264 247 294 249 132 154 220 211 
125 286 296 278 137 256 288 326 0 275 337 271 320 247 244 289 201 223 257 224 118 244 157 220 259 234 277 267 264 245 128 225 248 281 245 286 158 289 310 337 262 269 259 151 284 296 238 325 253 267 234 257 299 324 241 258 233 282 236 263 261 260 256 240 179 156 273 310 240 293 311 285 228 300 193 241 307 264 238 357 323 282 300 256 141 307 273 184 177 332 329 285 263 277 321 247 286 352 266 267 
234 235 208 271 160 128 239 276 229 0 239 238 266 125 104 236 300 132 191 237 303 206 235 135 324 277 266 241 218 208 270 254 278 134 252 157 270 237 235 226 230 243 124 214 263 229 258 248 192 246 187 281 229 238 223 146 239 243 211 199 299 236 265 213 215 218 299 104 209 211 239 237 127 245 262 103 213 262 114 276 232 249 250 228 242 153 247 243 244 247 327 156 203 128 241 305 244 212 252 190 
258 227 234 171 206 216 288 254 133 318 0 231 277 136 254 204 257 232 162 242 209 209 249 234 192 206 213 134 116 264 254 283 218 220 231 221 118 132 283 277 219 248 213 279 244 237 273 285 247 284 234 221 276 213 225 218 230 184 218 247 241 218 270 257 249 169 102 269 218 109 219 245 232 232 125 305 303 218 227 103 274 324 232 224 137 260 233 290 240 332 302 307 223 273 224 243 174 286 261 226 
284 166 201 249 242 166 267 332 243 251 223 0 219 245 246 271 250 151 256 135 220 224 241 227 138 238 264 127 194 272 167 204 322 279 268 239 240 265 213 330 245 241 297 232 231 194 283 193 185 287 218 257 229 230 279 257 236 245 140 229 273 243 340 248 103 236 199 235 279 249 219 303 239 101 172 314 266 279 223 139 232 267 231 239 226 110 270 262 257 274 252 209 149 249 111 208 259 218 214 123 
328 267 263 275 111 249 267 276 241 314 249 289 0 315 213 260 100 242 249 234 278 315 241 138 177 160 233 259 319 231 231 266 282 139 124 145 324 274 107 203 276 188 233 218 191 223 242 142 320 251 196 226 239 294 217 200 244 134 140 271 265 235 230 302 214 237 263 242 279 266 256 252 251 163 271 256 245 302 217 330 272 275 273 230 249 232 296 229 313 205 229 266 175 235 288 132 228 155 240 249 
326 276 286 276 127 229 302 296 240 234 313 276 141 0 214 259 175 244 216 221 240 207 288 232 318 248 216 260 274 128 245 213 232 263 260 250 191 245 147 155 221 279 226 214 254 263 258 204 261 148 125 210 211 113 203 221 219 275 248 245 326 239 246 172 286 228 293 250 239 123 114 219 165 207 262 243 219 213 241 255 138 239 248 103 240 336 278 154 245 248 227 263 261 228 260 273 144 240 256 216 
222 245 305 237 170 215 242 261 272 229 276 290 237 102 0 132 236 217 318 176 245 102 203 166 250 268 316 297 223 230 199 266 247 241 203 288 281 258 249 257 205 321 224 110 236 194 291 247 167 247 220 216 313 215 119 163 222 222 202 225 222 279 274 134 259 304 261 269 311 225 216 213 255 275 224 269 265 223 278 309 240 292 243 205 298 122 212 256 191 278 288 239 256 236 210 284 246 108 299 279 
249 266 308 173 253 111 280 261 204 305 279 185 311 228 265 0 289 212 190 219 113 364 218 179 283 229 230 292 325 217 178 235 275 264 227 273 149 126 253 237 223 238 130 284 267 225 200 319 316 115 105 226 287 252 291 249 154 292 285 225 235 251 142 294 228 276 284 246 232 280 300 151 123 228 218 313 307 178 256 272 283 311 266 269 291 295 230 279 168 291 242 290 177 174 215 269 288 146 235 286 
228 202 286 245 239 294 271 271 280 214 205 189 241 248 153 183 0 232 238 258 178 218 272 131 285 232 167 177 228 283 131 166 196 242 249 281 231 254 109 136 271 263 293 118 100 123 233 269 220 270 277 224 139 242 244 240 169 233 210 233 209 184 256 266 244 137 265 142 179 264 183 255 151 259 259 156 268 231 219 282 247 206 177 278 263 190 290 129 236 209 129 282 131 244 241 228 128 261 202 149 
292 238 251 246 266 203 247 239 241 124 295 222 305 249 228 216 257 0 128 229 296 222 250 215 276 145 237 268 314 227 237 219 267 200 242 231 253 265 181 179 261 190 146 232 211 298 142 120 301 156 268 283 115 226 300 194 147 256 221 255 243 111 232 275 220 231 256 228 202 252 249 230 212 231 193 227 270 207 238 274 100 201 206 111 152 264 240 111 207 261 230 244 104 154 284 258 251 280 216 249 
226 261 145 181 306 225 269 136 282 185 283 311 315 310 225 126 220 124 0 239 197 294 242 143 252 137 258 271 269 221 109 162 244 229 114 297 262 252 247 125 243 275 256 195 229 271 266 182 265 200 231 277 239 228 222 229 255 128 217 289 242 229 208 314 287 292 187 289 221 266 263 277 249 248 237 256 271 185 288 225 185 286 250 235 276 203 286 210 250 255 190 273 228 225 230 258 219 272 248 121 
230 161 293 287 134 225 235 257 167 229 228 200 233 301 294 236 216 210 225 0 239 252 233 250 271 191 262 245 214 240 246 193 263 248 133 244 284 283 226 298 192 274 256 267 137 273 265 245 321 300 222 251 302 230 249 252 241 115 132 254 281 216 253 248 251 234 315 100 205 242 293 241 241 237 232 252 321 258 212 133 292 132 263 253 243 148 330 221 344 246 117 268 247 119 242 108 238 218 143 171 
149 267 251 320 240 228 204 275 151 199 322 302 255 254 152 265 228 220 139 106 0 254 221 187 195 116 316 250 289 127 248 275 264 290 239 249 240 327 270 223 144 181 323 262 243 269 120 263 319 339 258 281 260 213 271 314 256 193 238 223 153 294 283 181 274 296 291 206 305 252 261 248 202 196 230 221 292 228 173 239 281 238 229 263 292 242 243 272 235 243 223 286 160 225 282 214 296 239 249 209 
279 351 343 289 244 201 262 266 277 239 342 337 300 159 264 287 297 115 243 296 291 0 165 249 267 260 261 229 301 230 296 164 145 259 144 222 295 289 246 294 254 286 255 259 257 316 257 145 230 271 251 350 230 158 223 309 253 235 277 309 129 226 177 201 273 219 292 310 275 277 273 255 265 276 255 271 163 181 263 300 215 276 321 226 267 239 280 226 171 246 297 262 219 255 254 245 249 139 325 290 
114 209 190 263 233 208 155 264 176 215 183 188 181 269 210 342 234 258 260 232 126 233 0 268 102 172 250 265 229 253 222 141 229 311 246 272 130 240 244 233 215 121 235 241 281 235 246 254 114 319 223 221 244 167 307 230 222 133 267 231 182 227 183 284 165 154 262 292 193 282 309 257 242 222 267 243 254 226 114 286 282 256 208 223 294 150 245 239 223 248 266 271 181 267 213 263 275 318 208 233 
291 138 155 241 298 231 262 309 176 228 248 264 222 184 236 242 246 104 232 278 251 246 177 0 241 247 308 262 239 309 210 226 254 111 229 269 188 327 257 283 235 213 250 222 221 128 231 224 283 223 241 219 162 220 272 285 216 267 201 272 330 213 279 244 267 302 315 330 265 145 228 236 257 279 297 134 249 225 263 293 204 230 234 200 246 275 277 215 260 112 238 254 160 258 217 289 109 188 240 113 
213 258 301 230 265 242 265 267 178 273 297 297 219 245 260 311 226 256 185 299 222 248 114 255 0 280 264 233 251 199 169 114 251 276 223 207 244 138 213 283 329 235 241 139 242 224 301 215 228 274 238 245 258 281 265 194 210 125 235 254 135 226 276 194 175 122 322 294 225 283 268 325 215 277 244 262 224 231 223 364 203 304 258 283 226 220 266 231 136 237 303 249 224 265 111 233 328 218 106 233 
219 284 223 312 282 252 260 276 145 320 254 293 227 326 265 233 112 294 279 242 231 179 105 225 207 0 279 134 221 220 243 246 221 274 227 217 235 331 216 107 116 226 340 186 212 153 263 299 219 296 234 178 251 238 273 211 279 151 274 290 105 217 284 323 229 248 356 254 197 289 233 290 189 252 223 219 264 223 219 338 180 255 113 214 282 255 254 241 287 299 241 218 172 194 212 247 240 287 274 261 
160 255 318 224 228 229 248 278 294 317 223 271 278 185 220 217 237 224 229 214 245 279 321 236 263 238 0 191 227 209 228 244 209 223 249 331 211 296 263 272 309 272 316 228 239 103 255 102 261 332 249 309 280 234 253 279 243 136 220 258 146 237 109 262 256 247 296 113 218 234 231 181 221 222 230 273 291 264 216 260 227 127 258 163 256 299 156 151 334 217 257 226 129 208 249 112 266 262 244 328 
189 238 229 256 310 255 312 343 226 288 120 226 233 256 276 144 123 204 253 176 257 308 258 100 265 309 207 0 236 335 254 282 242 211 257 257 113 197 232 259 122 114 218 145 188 228 234 247 247 225 100 214 229 104 313 213 225 231 301 220 257 215 286 344 288 260 222 265 227 229 192 240 267 258 245 234 270 152 187 223 219 249 300 244 232 246 228 206 294 212 241 183 167 219 231 261 209 266 209 213 
283 241 118 326 283 195 271 138 232 202 217 188 244 275 194 271 311 204 214 196 157 143 276 218 162 252 228 193 0 172 264 222 244 104 222 129 169 211 220 272 301 213 274 301 256 281 277 250 164 216 226 115 249 223 109 201 209 256 258 270 128 102 161 305 268 222 158 153 258 239 221 285 223 272 241 248 267 197 278 271 247 241 144 108 233 268 195 259 223 258 191 249 107 210 168 278 254 275 226 221 
252 163 259 316 241 101 246 265 280 276 281 332 292 267 237 323 277 152 249 254 276 298 208 104 310 260 261 236 162 0 260 310 307 215 174 122 292 210 291 301 330 228 228 315 177 232 180 233 322 222 224 277 242 251 192 262 226 261 207 315 281 263 230 314 283 256 264 122 227 249 332 140 261 218 138 238 295 280 307 299 252 252 245 136 226 282 220 263 260 216 218 230 195 285 252 320 213 112 225 217 
117 166 308 267 203 275 160 217 273 147 278 277 209 218 116 206 111 207 224 130 255 218 209 153 178 204 149 288 253 295 0 250 307 264 251 240 299 253 220 247 247 259 162 140 201 234 179 251 242 139 226 246 230 316 113 236 217 240 108 180 252 211 235 205 233 248 246 230 112 254 277 218 251 235 128 147 263 222 261 263 297 262 235 269 274 238 283 101 250 209 203 268 135 239 285 221 210 224 139 236 
291 245 255 362 282 283 272 275 285 306 323 183 306 245 273 278 133 182 226 248 142 232 215 153 299 258 223 270 137 269 264 0 253 240 240 266 291 286 242 172 260 264 179 251 233 203 234 254 257 251 247 252 272 257 246 276 246 239 205 145 137 239 254 269 280 270 264 275 111 262 273 211 101 227 229 287 262 255 234 250 268 253 244 245 291 240 152 262 218 265 230 135 119 260 277 166 237 265 210 150 
323 302 273 189 114 159 273 234 260 208 204 310 217 243 268 228 317 254 217 202 288 217 229 284 331 230 244 237 284 265 259 298 0 312 304 263 286 268 211 285 228 266 236 252 227 222 245 213 261 250 134 205 240 151 241 333 272 317 291 246 221 278 233 246 244 295 193 302 261 234 265 323 276 229 296 204 140 229 204 293 164 265 220 233 224 190 248 260 255 312 275 241 222 266 109 100 358 216 243 145 
271 233 135 251 269 120 266 289 298 222 333 298 255 225 240 261 267 221 245 221 282 278 227 220 234 251 252 295 265 225 282 232 263 0 118 314 185 229 215 264 220 109 290 226 225 277 262 230 312 112 221 209 176 224 238 224 105 226 154 223 276 208 282 208 244 227 204 228 154 256 117 222 255 237 242 231 222 279 262 294 143 244 285 220 169 164 239 297 240 262 230 241 325 220 226 234 186 256 213 117 
272 270 250 237 277 208 313 293 311 250 338 199 218 225 206 149 283 209 314 152 250 222 158 211 138 181 294 218 235 107 206 222 279 115 0 229 288 150 218 270 282 224 279 259 229 255 227 112 272 188 189 215 291 232 281 201 196 243 244 227 163 209 288 240 278 198 301 229 269 242 160 168 272 300 245 345 190 280 272 285 258 284 229 237 246 108 273 191 258 265 234 236 219 111 249 260 105 219 236 232 
255 129 343 317 202 235 252 341 253 199 234 318 277 210 254 240 237 261 205 268 242 176 310 214 314 241 234 114 299 137 138 288 272 248 249 0 205 183 346 313 236 228 300 259 291 288 267 296 237 277 214 280 120 218 251 305 301 245 246 313 292 251 108 265 225 266 142 259 250 286 242 277 250 289 245 285 325 241 301 284 259 130 261 166 104 300 271 205 291 326 234 245 273 243 264 210 185 249 247 183 
208 231 291 225 278 255 199 230 232 228 179 113 209 187 173 262 176 204 165 236 325 215 307 294 237 211 120 240 219 256 249 304 167 239 149 255 0 151 222 252 299 268 105 283 258 223 243 222 220 322 301 185 291 246 292 100 112 256 253 129 234 102 217 284 216 222 220 233 318 188 257 127 248 214 265 187 290 289 253 219 304 234 251 131 235 223 115 271 259 269 184 229 249 260 205 232 203 263 220 236 
300 259 273 264 127 104 307 326 218 245 225 259 307 222 222 194 175 205 283 280 227 272 211 229 166 142 248 179 276 210 183 213 160 138 185 147 213 0 226 145 258 231 164 230 200 105 258 251 285 225 244 316 230 271 237 249 243 212 278 287 109 163 138 249 207 252 289 290 292 240 255 331 221 221 267 260 300 227 167 323 229 207 255 246 251 244 223 284 108 265 277 242 176 147 250 260 290 173 228 255 
316 231 202 330 252 270 228 308 217 211 236 253 141 208 106 238 235 207 309 227 265 208 202 272 304 137 294 271 246 294 266 294 314 226 265 268 279 323 0 244 226 252 265 216 118 171 244 283 267 235 219 277 315 191 225 269 210 166 101 243 242 204 243 240 157 267 156 315 272 284 273 294 184 303 259 298 250 217 110 333 295 197 223 311 327 228 313 186 207 101 336 263 218 263 278 214 323 214 220 229 
239 284 272 229 259 237 200 234 240 232 158 263 213 239 193 126 268 212 301 135 239 246 278 251 258 241 236 286 255 147 255 283 270 167 120 172 164 252 150 0 279 267 256 303 194 218 247 209 140 241 170 171 255 283 312 104 272 186 251 268 242 110 268 242 162 210 260 235 249 267 280 277 249 248 283 318 260 189 163 261 310 176 259 283 220 228 269 292 251 251 252 148 218 195 105 184 166 212 167 243 
328 237 107 274 222 278 249 251 266 286 277 273 111 256 266 233 211 234 208 285 179 311 292 235 191 231 252 264 242 285 294 241 120 250 235 222 267 286 209 314 0 299 287 312 228 334 147 239 243 204 210 245 257 271 224 224 283 245 238 174 170 171 240 250 260 231 273 277 242 228 117 174 260 136 257 140 148 249 212 242 267 257 220 220 277 197 138 128 212 186 189 166 144 182 229 220 248 171 249 231 
258 216 284 142 246 157 259 259 248 274 224 246 225 238 248 245 218 240 139 112 270 246 144 252 151 246 218 257 257 230 234 254 265 254 230 240 196 181 219 264 258 0 301 209 243 230 153 133 203 278 230 100 127 115 246 228 112 117 231 114 251 218 206 232 232 146 233 212 295 230 242 243 255 274 263 122 272 216 229 185 230 135 253 202 232 132 234 201 256 197 229 248 230 230 117 220 285 224 220 247 
146 292 269 320 265 254 293 282 161 293 149 167 190 158 171 303 257 281 301 131 279 240 315 260 201 287 295 283 195 156 146 315 314 134 187 235 267 281 297 267 194 243 0 281 268 307 325 299 186 246 255 310 310 271 223 334 239 246 254 326 226 290 237 261 270 317 251 231 258 258 251 296 300 268 274 293 342 184 343 252 277 263 297 261 286 277 197 247 337 175 248 359 246 250 278 239 261 268 274 251 
112 135 231 127 221 221 209 251 162 251 230 247 183 140 258 248 166 127 230 165 154 231 281 232 167 203 282 187 113 236 235 281 228 217 131 208 189 262 229 282 243 256 212 0 244 223 269 243 102 215 221 106 242 253 222 234 220 266 265 115 112 215 165 255 222 255 234 159 264 170 243 299 266 210 258 253 178 113 283 265 227 296 237 221 243 239 214 238 257 249 178 245 214 126 244 222 236 246 247 202 
209 239 210 289 139 286 238 266 238 295 118 261 191 229 220 175 243 210 280 278 218 244 234 191 262 217 234 159 128 300 148 287 246 226 277 203 236 250 114 175 258 256 261 245 0 169 270 215 292 270 259 217 302 213 237 211 140 280 215 256 240 108 178 337 271 228 220 279 212 227 264 292 182 303 224 291 286 225 224 221 257 106 212 236 255 307 267 173 240 109 256 276 226 284 280 229 205 216 102 136 
237 260 251 159 287 225 307 306 253 304 120 221 303 219 117 114 284 233 273 287 227 219 310 133 269 213 228 187 171 253 257 258 217 244 256 289 108 240 250 245 275 175 213 125 227 0 249 146 227 229 219 231 279 209 236 176 140 292 233 207 237 210 234 197 319 289 222 284 226 198 181 235 222 151 245 183 286 238 316 223 124 102 226 223 166 239 223 274 231 245 292 254 253 251 240 267 195 225 194 246 
270 248 224 261 124 250 295 324 249 228 299 233 207 207 277 284 249 229 285 265 314 168 192 264 265 292 233 307 186 308 239 316 200 250 201 204 120 233 246 273 243 313 225 243 243 280 0 220 270 290 286 294 237 142 217 220 136 257 267 228 253 196 243 256 217 294 328 160 185 132 277 247 255 217 110 267 267 239 127 227 257 319 217 243 303 122 235 293 115 123 212 185 240 257 284 265 204 287 244 218 
244 241 256 300 299 208 259 270 249 305 281 249 233 237 277 233 262 234 214 265 176 335 233 211 224 231 204 320 269 107 262 222 241 121 239 229 306 274 277 302 251 230 283 266 163 273 232 0 270 233 233 233 257 236 227 232 226 251 132 285 296 235 267 160 260 212 243 229 254 132 129 110 223 246 245 329 234 249 250 278 248 241 220 232 290 269 252 128 326 264 168 124 107 249 296 183 254 191 226 238 
185 220 208 222 119 299 107 203 243 171 225 254 251 258 156 235 213 215 219 124 224 245 206 156 245 101 239 235 115 258 272 212 285 219 257 224 229 279 160 180 217 154 241 246 261 121 250 209 0 237 225 230 236 269 224 217 253 239 256 191 206 113 238 170 120 233 193 224 295 285 302 276 228 108 171 271 321 112 270 257 239 223 214 221 276 239 213 298 289 182 230 213 112 243 253 221 226 245 221 269 
261 273 215 272 240 257 266 269 300 275 271 267 219 113 285 158 253 252 202 257 262 320 218 148 250 293 296 183 245 156 249 120 228 227 112 278 272 205 215 159 108 181 288 256 308 258 255 224 250 0 238 147 308 203 316 147 293 270 238 265 257 269 253 237 275 265 303 131 188 236 225 266 156 244 294 248 192 277 235 305 168 210 299 216 256 220 203 236 273 260 297 255 218 108 252 286 217 268 288 261 
251 222 254 297 263 248 327 328 126 314 245 176 250 261 255 252 225 266 277 263 244 294 198 271 300 315 250 301 278 251 167 268 267 266 260 246 246 277 283 299 147 249 132 248 249 138 142 270 224 148 0 121 267 147 216 249 235 245 275 120 317 266 227 275 279 282 239 239 127 175 248 244 265 205 177 268 225 316 246 261 262 240 284 164 237 264 240 268 194 264 141 313 244 176 287 164 253 281 262 181 
202 282 244 253 222 127 210 258 257 256 124 290 129 260 259 328 229 228 286 227 257 273 234 234 306 204 297 258 157 130 225 286 316 261 253 242 242 156 236 283 320 254 320 295 277 224 271 197 103 233 311 0 319 194 266 128 267 263 269 255 265 216 106 257 223 290 226 252 234 233 264 270 328 211 249 147 243 215 281 227 296 224 197 265 175 159 246 325 264 143 333 302 215 303 233 261 210 242 141 312 
236 314 231 224 252 244 132 231 292 253 250 286 260 286 235 278 249 281 183 245 222 175 190 304 267 287 155 209 218 236 183 237 152 244 129 209 267 166 230 193 313 311 215 179 319 258 147 241 186 246 248 262 0 228 296 242 238 219 236 250 251 298 117 252 105 146 271 266 295 254 275 270 239 177 257 191 292 121 197 255 225 270 305 140 267 237 151 284 262 216 115 211 251 123 261 230 234 254 290 257 
213 236 207 226 220 218 257 352 260 314 303 186 284 241 295 302 267 190 265 266 248 300 273 145 268 245 103 283 214 260 259 249 277 161 153 268 195 132 222 236 294 238 269 101 255 206 272 205 203 273 248 207 125 0 256 276 266 239 298 216 213 295 212 244 230 225 322 216 217 246 278 237 227 256 149 279 279 214 299 142 115 216 256 152 217 261 255 254 222 223 240 329 232 115 272 215 254 208 167 172 
272 263 197 248 230 181 217 253 276 251 307 265 307 166 261 255 266 256 257 284 343 165 248 261 301 180 265 206 186 253 155 265 277 260 274 264 248 140 277 163 296 308 304 224 250 187 254 295 303 294 267 283 279 279 0 123 276 299 260 161 249 160 278 260 282 272 145 308 261 258 262 283 266 292 248 150 308 261 187 321 304 284 174 166 217 303 281 150 248 276 266 155 150 280 228 188 297 285 269 306 
188 274 262 125 267 157 202 130 211 128 291 238 213 239 138 270 195 250 290 314 303 240 264 263 178 240 245 304 262 263 255 292 287 262 274 257 125 266 207 303 241 255 230 248 248 218 143 209 257 278 283 271 254 285 257 0 237 176 207 254 171 227 331 242 254 283 156 232 258 275 273 252 255 274 214 231 260 249 153 344 261 320 321 256 135 260 240 244 251 266 309 252 218 256 105 241 262 212 281 243 
197 307 258 307 245 246 284 304 244 169 270 241 163 277 216 156 162 216 246 231 224 250 243 293 129 247 240 266 283 286 232 243 258 241 277 209 128 267 110 298 257 237 233 217 228 247 271 234 300 271 204 265 298 242 246 182 0 254 211 257 246 114 298 285 267 234 266 273 295 210 229 255 279 258 153 245 253 273 220 347 222 307 219 259 263 313 243 291 265 157 252 136 261 210 148 129 290 151 108 135 
283 133 290 278 246 247 284 142 231 283 185 211 250 253 244 211 101 203 229 232 246 277 208 135 251 209 227 257 250 220 209 137 148 228 113 264 262 263 138 237 260 289 245 219 148 224 210 225 321 261 113 234 235 260 271 158 270 0 169 233 233 101 245 247 238 221 251 243 240 220 273 239 238 259 245 137 288 168 234 250 273 254 250 236 161 163 260 106 279 239 230 249 232 224 257 130 218 282 250 248 
215 268 291 269 212 230 127 296 233 278 245 289 101 230 230 241 176 205 230 215 164 327 101 221 203 261 229 250 312 258 307 232 280 230 225 244 231 328 208 295 308 151 164 213 240 141 273 243 215 333 185 251 278 266 254 236 109 234 0 259 164 103 245 307 257 223 347 264 294 247 305 353 311 242 262 197 244 250 215 327 265 243 252 241 301 251 223 241 267 266 251 244 276 305 257 113 251 256 217 244 
237 102 313 303 155 233 266 314 211 259 247 132 278 207 236 133 231 146 231 250 215 226 306 235 244 225 269 226 224 256 120 217 217 254 248 126 243 259 175 304 206 274 207 260 129 280 250 266 159 193 232 215 246 221 233 235 115 280 228 0 314 184 222 155 235 242 119 302 232 117 128 233 240 233 222 267 228 235 235 224 246 196 242 205 146 242 120 221 142 238 207 218 124 281 232 244 171 161 223 234 
233 258 275 288 230 193 345 312 148 324 213 313 257 304 223 277 256 224 176 272 255 163 297 120 288 254 230 133 290 257 276 273 116 231 150 233 246 294 117 301 255 247 246 230 162 187 268 262 324 243 233 321 282 162 342 346 302 271 218 343 0 175 310 350 274 143 268 343 292 265 298 295 292 310 263 246 256 118 227 270 277 268 259 314 289 258 219 186 295 218 168 133 280 258 225 216 229 251 264 233 
255 313 207 230 267 224 183 217 130 226 281 294 331 249 147 279 282 102 230 286 248 249 287 252 321 247 126 231 257 306 258 288 248 300 257 253 288 333 249 281 346 292 248 257 285 229 199 222 264 258 290 345 217 261 266 293 249 252 233 318 132 0 235 281 309 120 330 171 269 328 275 303 272 288 259 297 271 235 253 263 202 253 149 213 254 199 159 185 220 322 148 254 206 202 323 238 244 255 318 231 
236 282 335 336 276 127 279 336 346 266 262 300 169 336 235 325 230 228 256 249 322 337 234 272 269 292 268 354 285 233 119 180 342 200 263 240 324 236 264 311 280 248 220 259 283 216 298 311 286 248 262 317 343 363 232 265 305 303 227 299 317 309 0 313 295 272 341 200 187 328 158 263 281 237 239 220 263 341 348 285 190 291 346 261 292 297 181 220 297 328 253 220 240 219 358 301 291 324 251 317 
218 213 171 233 231 241 260 288 250 217 142 156 240 246 218 130 102 233 229 232 242 270 151 233 253 282 182 276 219 288 102 179 242 179 237 229 260 256 211 238 260 272 232 106 202 204 279 253 208 241 235 212 241 237 215 338 248 274 139 138 218 242 271 0 125 239 180 244 214 133 266 281 194 246 230 249 284 219 144 245 310 256 125 226 279 266 258 203 276 166 231 215 122 232 267 252 157 153 241 250 
266 247 126 278 147 276 226 280 198 148 328 277 176 273 252 231 276 280 256 223 117 195 295 204 262 220 216 215 169 244 171 331 228 211 270 271 261 227 187 299 261 273 269 166 274 208 237 238 119 298 218 264 291 310 243 294 133 310 221 145 238 232 266 289 0 133 264 252 191 247 273 308 275 227 275 251 216 176 240 328 332 203 200 266 291 278 265 272 169 261 310 106 231 231 281 262 313 236 241 244 
289 245 313 145 296 298 202 254 253 292 231 322 214 278 234 255 234 262 281 287 277 268 214 158 275 245 230 111 259 244 276 285 202 252 137 304 224 287 222 323 233 225 277 220 219 254 179 169 198 165 211 228 314 189 276 238 215 228 113 200 105 216 283 287 260 0 319 223 149 285 155 260 211 264 289 177 151 223 298 331 232 325 292 232 276 245 320 291 294 270 203 166 276 248 203 226 242 296 320 111 
231 134 247 272 263 114 329 277 289 291 262 325 230 256 298 167 242 215 233 281 247 107 220 269 228 251 226 169 195 186 232 181 252 244 129 119 266 223 224 266 239 203 297 314 270 235 278 183 241 235 221 138 239 265 210 224 159 244 240 277 201 255 227 238 296 127 0 285 116 229 117 222 282 147 103 285 222 116 234 268 278 249 210 220 223 158 217 311 225 281 230 205 235 221 122 225 234 229 159 211 
130 142 210 194 166 256 135 252 291 299 253 210 208 249 238 269 222 258 263 299 255 249 208 154 243 268 287 245 114 275 325 240 187 218 250 243 244 325 277 333 254 258 265 207 276 228 297 248 278 270 239 229 305 200 223 245 216 139 107 304 239 161 253 263 313 134 272 0 105 298 270 141 262 203 265 276 256 158 289 297 302 159 258 222 143 300 259 245 315 266 244 207 221 306 177 220 231 149 276 245 
218 134 256 258 326 275 259 227 269 291 243 277 239 244 240 237 229 230 342 328 230 167 104 256 206 260 255 258 164 250 227 243 245 171 241 265 223 336 215 309 149 225 225 248 246 123 248 143 209 165 241 236 281 209 273 208 135 128 264 292 209 139 148 158 269 242 219 266 0 195 165 117 238 251 269 265 151 225 218 289 247 225 283 237 242 254 268 234 327 292 220 250 250 201 269 258 126 282 243 264 
242 239 227 278 223 260 179 288 117 219 249 233 261 247 145 277 292 218 294 133 235 244 246 224 259 239 207 292 167 302 245 284 109 140 257 229 258 236 228 210 234 249 151 205 225 216 314 268 138 214 243 282 167 104 264 289 130 248 160 174 248 116 284 279 219 236 196 185 279 0 257 233 123 246 235 313 194 250 118 246 177 265 125 226 233 267 183 301 240 223 250 230 196 164 164 209 293 177 238 117 
295 162 229 231 285 187 243 208 230 235 331 246 233 232 245 342 246 244 216 221 253 286 229 272 285 134 209 225 164 239 267 232 242 254 221 293 232 261 220 241 122 302 236 288 240 242 161 174 308 191 104 225 219 218 121 107 260 217 227 224 219 184 165 283 233 114 238 254 125 279 0 105 201 218 271 243 105 317 218 206 292 336 247 103 242 264 256 250 276 284 113 149 266 274 210 268 209 254 289 225 
279 267 164 247 254 235 284 179 283 250 253 194 268 127 260 291 237 150 244 241 311 240 223 238 300 209 311 236 255 134 283 244 289 255 254 216 227 314 234 192 269 197 281 256 135 223 226 180 203 275 252 271 164 216 281 122 272 141 238 175 230 242 253 299 234 125 133 149 249 250 241 0 121 247 236 252 276 212 208 224 250 241 264 131 250 159 151 247 238 244 103 291 228 287 227 205 239 165 237 147 
237 245 185 261 252 277 171 281 268 230 222 111 285 144 219 216 287 260 218 246 249 259 123 222 225 252 190 169 237 244 278 192 284 241 292 247 210 235 246 199 249 244 315 161 233 102 282 248 237 263 238 262 239 257 246 190 164 251 251 266 273 278 230 185 214 219 198 259 278 267 258 110 0 126 253 223 273 257 133 149 176 204 143 241 268 221 261 274 117 268 213 248 111 286 222 277 258 272 230 234 
220 230 100 277 279 234 260 254 142 279 141 290 190 253 151 259 288 155 155 252 146 253 285 295 333 262 267 252 255 262 237 265 228 317 257 138 259 273 143 252 264 199 249 261 185 255 259 232 297 265 117 238 128 264 200 200 239 280 244 237 251 253 245 282 233 164 243 141 210 177 275 282 226 0 266 250 298 249 253 244 131 232 189 266 233 273 271 266 205 244 243 292 247 251 145 240 158 227 113 224 
238 160 207 202 293 177 257 270 243 259 248 222 297 273 231 289 139 262 240 259 250 272 124 263 226 242 123 276 215 283 129 263 235 266 283 211 249 186 210 163 213 245 277 217 216 226 308 225 224 268 176 297 235 193 107 230 256 257 237 268 143 196 214 204 224 271 252 236 142 126 307 195 249 107 0 211 258 261 229 315 229 250 107 208 268 258 279 230 122 293 244 212 220 213 252 235 265 303 220 108 
207 240 281 335 221 278 287 350 126 327 164 266 182 116 126 240 212 235 308 241 244 228 258 292 352 299 220 298 275 244 212 240 217 236 306 264 275 296 240 271 287 319 259 216 201 251 332 145 246 215 241 322 275 212 245 289 238 316 249 138 196 133 329 110 235 253 257 293 279 108 230 255 186 197 165 0 293 314 226 267 254 307 233 219 253 248 258 270 280 224 281 269 201 272 138 202 253 234 303 165 
264 294 180 126 248 172 278 103 255 250 226 353 252 289 221 321 327 174 208 254 148 292 252 272 328 224 104 266 284 211 251 312 222 216 217 251 244 281 115 304 242 256 203 278 221 207 124 104 247 293 230 233 227 177 253 239 235 236 151 273 250 254 132 264 128 155 271 217 257 198 132 214 256 113 206 212 0 250 225 319 234 231 302 235 257 246 260 232 239 216 245 217 211 283 183 216 235 257 226 266 
115 244 262 298 225 226 267 253 280 302 313 236 139 238 258 237 239 241 117 211 258 234 269 207 294 254 268 229 205 248 226 245 243 278 231 115 303 243 238 242 233 275 249 210 236 218 269 281 206 125 224 270 235 290 250 272 223 153 241 255 132 222 192 345 253 275 150 256 266 243 267 303 271 238 145 235 317 0 213 152 165 183 252 281 219 308 101 243 267 319 202 254 312 233 272 109 211 133 231 238 
284 121 109 266 239 229 264 243 288 101 198 265 227 155 205 266 231 233 269 281 218 126 291 236 307 215 244 180 194 184 253 267 236 235 243 252 260 307 130 310 116 273 225 172 227 278 263 241 157 303 243 167 300 175 226 247 234 130 231 133 255 231 272 272 101 234 252 205 292 174 233 290 203 222 317 204 140 269 0 276 240 296 207 224 229 219 203 236 214 231 226 207 162 153 256 213 299 224 195 119 
255 171 160 328 103 238 220 259 248 305 161 264 247 208 213 210 215 305 245 156 106 282 208 276 166 103 271 176 275 233 310 280 215 277 225 252 151 274 185 210 219 287 225 289 293 256 170 292 221 269 185 118 244 241 241 246 263 254 156 263 208 203 222 287 177 288 263 256 300 137 322 250 260 302 280 255 331 181 209 0 210 221 216 199 279 277 230 268 265 261 232 208 196 275 253 264 328 314 207 188 
264 138 297 146 252 103 283 329 207 244 258 159 322 208 263 211 258 204 231 256 251 267 206 197 297 212 178 168 228 209 147 134 304 246 241 269 203 165 254 121 251 230 215 273 140 214 324 150 209 224 268 292 192 208 236 225 237 230 252 279 271 221 169 248 209 331 207 291 102 282 267 219 112 220 171 259 253 255 230 244 0 101 232 241 102 237 140 248 107 249 187 254 223 303 226 208 228 321 218 216 
224 317 246 283 296 221 210 249 256 251 257 231 252 169 309 110 223 131 259 262 223 214 216 252 301 111 210 245 239 278 241 203 203 268 171 218 238 236 234 218 227 150 240 208 253 193 223 251 256 225 215 250 232 107 291 180 243 237 151 264 180 242 194 304 217 266 183 323 299 292 279 230 120 246 241 272 343 288 253 249 222 0 131 232 283 279 340 242 237 248 284 236 231 222 267 244 276 231 117 279 
348 233 115 312 250 251 331 163 253 294 280 296 244 306 209 262 249 210 214 219 262 251 234 309 270 240 215 218 108 241 239 330 227 210 324 104 233 287 103 273 280 300 273 272 221 176 240 247 272 289 141 215 224 171 160 283 166 269 204 261 236 178 212 314 260 262 246 261 172 181 327 289 280 139 110 241 260 302 213 236 270 234 0 101 208 331 303 289 220 186 282 105 215 199 276 134 289 235 252 218 
277 279 258 285 245 292 353 249 152 265 277 301 214 256 266 239 280 141 113 118 269 274 309 256 329 226 194 157 329 232 222 275 171 276 227 309 213 247 244 238 279 271 287 216 255 297 283 261 255 230 257 172 240 115 335 300 228 233 250 274 328 252 248 250 256 308 190 218 291 178 291 340 301 272 264 140 159 298 278 163 189 250 269 0 291 266 272 252 295 315 235 278 245 230 278 200 279 323 261 234 
309 274 279 258 221 223 300 283 277 244 280 214 247 106 274 234 242 249 223 208 342 183 272 230 210 202 221 243 272 234 263 200 268 144 250 277 101 252 253 261 265 128 206 267 233 324 266 261 273 254 231 228 255 219 247 201 213 141 298 209 279 147 219 161 250 267 158 308 274 182 220 228 271 235 219 250 325 274 210 272 244 263 286 209 0 260 168 247 341 325 269 220 283 281 217 106 250 314 237 261 
325 221 221 139 274 259 318 277 231 142 310 251 174 267 246 252 183 108 236 247 330 114 279 142 321 253 227 190 229 315 239 272 248 253 248 225 272 155 173 237 255 269 254 213 248 256 250 228 277 188 248 277 193 124 281 147 234 135 274 119 243 219 291 274 298 275 238 246 286 139 161 266 262 260 231 245 182 295 256 266 208 309 121 129 260 0 239 219 261 254 174 226 212 181 246 255 251 253 232 255 
288 275 222 242 207 229 212 242 221 276 265 135 223 184 243 229 235 157 229 174 210 247 254 249 266 206 317 262 104 147 171 227 308 208 273 176 240 200 137 285 322 220 303 311 234 226 232 277 105 296 273 219 245 214 213 230 270 160 188 177 194 206 102 275 220 326 262 257 203 241 260 237 225 213 276 297 250 217 206 104 257 119 248 212 139 245 0 266 308 238 101 312 211 293 246 245 110 259 236 258 
236 279 255 172 228 189 237 142 248 177 218 290 211 260 281 105 215 106 123 174 218 252 208 266 246 103 171 237 228 267 232 285 281 306 237 236 224 181 214 210 219 214 235 260 100 251 104 226 251 220 210 281 129 246 313 255 219 251 110 277 208 208 139 164 132 258 145 264 261 236 262 133 228 155 214 280 348 121 231 273 206 206 216 217 258 226 222 0 198 209 164 238 210 252 267 223 274 251 166 230 
280 244 228 275 245 222 254 269 278 137 207 297 215 151 166 271 243 208 223 302 219 249 166 272 268 260 277 297 271 196 243 307 274 256 251 265 258 118 253 263 233 279 261 247 278 223 269 196 178 299 276 290 122 260 129 252 219 209 280 247 227 281 239 141 102 235 274 241 264 260 216 306 210 286 317 152 263 243 123 274 289 289 257 254 309 136 170 178 0 307 237 208 263 245 200 317 280 274 318 242 
231 231 101 298 247 309 298 218 245 230 292 152 191 120 262 260 134 106 224 287 248 300 286 228 270 251 241 204 157 248 265 193 229 213 288 226 298 236 203 270 326 296 252 252 174 257 248 226 314 241 245 239 221 233 212 173 210 219 275 321 247 115 212 245 195 235 266 276 294 222 234 336 233 225 232 251 339 116 312 268 206 251 122 217 258 206 217 217 206 0 263 227 117 205 263 225 262 249 236 225 
326 226 214 268 272 272 281 246 209 206 289 235 183 256 287 285 134 240 265 138 281 231 247 239 236 313 216 285 266 289 237 141 252 152 214 328 308 215 235 270 221 261 221 214 234 226 258 198 262 195 217 246 185 113 184 258 257 104 154 238 278 205 302 309 206 271 288 238 252 279 269 155 124 250 262 241 245 272 105 255 228 270 267 265 265 267 293 210 241 333 0 276 235 228 268 234 136 187 267 224 
270 171 240 289 235 225 264 266 238 281 304 288 175 275 255 271 183 261 263 267 284 303 246 267 185 297 110 295 234 265 263 271 122 105 223 230 255 279 229 293 175 214 241 273 186 186 135 212 299 217 112 233 281 209 286 241 210 246 145 232 256 248 219 254 291 188 206 223 239 161 222 272 272 265 236 315 163 271 262 326 248 233 126 227 274 257 266 249 250 155 253 0 156 125 175 165 291 130 275 222 
226 134 252 279 274 250 285 243 287 291 273 142 201 260 243 233 248 215 107 171 235 228 239 111 280 160 306 258 252 168 216 115 173 130 221 220 291 167 299 232 276 239 292 277 255 218 171 218 231 227 164 257 273 241 329 228 235 235 158 260 252 251 305 285 161 268 294 271 183 245 247 226 116 242 281 245 287 146 249 171 273 134 248 237 242 252 247 317 233 157 160 250 0 290 253 206 147 176 119 224 
260 262 255 213 192 364 278 371 242 315 271 207 248 274 213 259 231 197 235 264 284 315 280 239 315 244 310 311 257 296 231 243 217 258 279 284 337 295 107 341 329 329 282 148 225 270 299 236 250 294 292 254 276 235 330 271 261 273 184 263 243 247 311 129 167 226 263 143 248 131 365 284 244 251 314 344 312 169 217 299 297 257 236 308 272 317 234 293 303 154 288 273 128 0 157 278 275 264 247 248 
267 233 221 272 219 207 241 258 289 213 186 224 108 134 208 227 208 145 220 276 280 238 288 224 285 239 153 292 175 211 150 228 223 225 232 253 216 264 102 289 228 243 223 223 220 113 209 104 152 257 219 279 150 245 263 289 221 242 203 163 222 256 262 137 213 278 258 266 262 172 233 214 229 260 223 296 155 221 112 284 237 215 262 237 115 282 248 232 146 203 265 147 113 265 0 221 260 107 232 138 
290 225 213 298 116 117 313 183 251 205 245 213 308 204 197 128 260 218 117 102 241 230 224 237 234 254 341 137 255 223 226 279 185 268 231 265 250 226 183 242 197 166 238 276 127 234 160 299 261 238 233 266 257 238 141 234 261 217 234 146 335 235 235 269 144 252 265 202 298 134 274 279 198 129 269 268 244 212 104 235 260 233 259 235 292 250 236 230 275 236 219 250 266 221 274 0 287 274 229 223 
218 267 248 132 224 237 261 243 234 228 234 300 113 120 217 149 212 104 232 231 145 137 144 251 188 247 230 283 130 200 101 117 218 234 237 232 237 225 220 275 248 135 250 241 124 249 122 224 213 240 245 110 219 152 213 238 247 233 209 249 236 104 216 268 268 224 260 275 213 193 234 127 218 253 229 248 140 311 234 205 203 230 253 215 256 244 168 202 237 233 129 229 208 258 249 180 0 245 131 260 
262 262 310 276 256 107 134 153 238 203 246 276 248 227 125 257 255 208 316 247 338 227 214 239 243 295 239 287 245 135 245 239 238 250 262 180 242 216 224 279 258 234 116 235 128 250 183 244 246 150 112 233 277 259 223 244 114 168 278 232 255 197 243 259 241 196 153 171 239 242 270 230 205 223 116 305 295 269 201 233 284 184 223 248 255 247 141 193 238 237 242 250 253 258 140 243 251 0 222 224 
107 230 232 234 243 221 248 239 267 237 254 283 249 175 192 255 175 237 244 222 116 142 307 258 255 232 272 215 264 238 124 185 254 344 250 101 234 284 180 311 260 293 230 264 136 289 236 287 260 168 216 157 221 288 237 109 126 198 222 154 138 146 209 297 271 149 243 285 219 261 162 222 187 256 230 271 267 247 231 336 313 231 156 192 205 314 255 225 269 131 232 261 248 276 196 127 268 114 0 260 
178 244 229 236 185 224 149 253 181 350 218 254 233 225 123 255 246 236 293 266 263 225 239 241 276 134 210 267 148 302 256 254 242 252 240 266 141 239 222 241 122 154 246 109 108 266 269 254 211 276 128 215 232 107 215 241 248 271 301 224 221 184 274 257 210 300 306 268 223 279 239 268 233 258 204 262 150 222 280 249 121 214 247 213 223 245 256 195 228 217 223 288 255 222 271 292 231 231 210 0 

Execution time is 99 ms
