Number of vertices are 10

The shortest path from source to other vertices are: 

0 230 59 58 145 138 114 114 246 63 
82 0 141 119 216 199 176 196 196 145 
211 171 0 62 159 91 198 111 187 164 
171 182 220 0 97 80 266 179 218 179 
74 85 133 132 0 175 188 137 121 82 
120 155 179 178 161 0 186 99 239 152 
187 279 148 129 212 135 0 113 238 166 
274 248 214 204 227 196 87 0 145 53 
226 241 93 59 156 106 114 168 0 134 
1000000 1000000 1000000 1000000 1000000 1000000 1000000 1000000 1000000 0 

Execution time is 0 ms
