Number of vertices are 50

The shortest path from source to other vertices are: 

0 154 133 143 65 125 156 201 137 142 122 87 129 159 144 77 133 91 140 179 116 113 132 121 152 79 157 55 85 130 117 120 161 172 100 110 98 159 171 150 154 131 64 86 76 143 122 131 164 153 
168 0 145 158 150 132 74 50 133 149 153 97 142 75 83 148 93 181 136 67 135 182 135 150 152 158 162 142 115 155 147 105 148 139 99 162 201 131 155 198 150 109 169 151 156 159 97 155 126 108 
128 161 0 125 61 183 172 166 170 152 186 61 125 133 140 97 114 107 138 165 52 136 152 107 136 131 162 176 72 166 113 188 170 68 132 128 137 146 111 201 146 108 164 68 146 139 81 120 170 142 
159 120 183 0 68 153 143 156 116 159 161 156 130 133 78 117 136 131 106 55 140 149 127 138 186 112 146 130 129 168 114 159 65 128 117 150 155 155 82 76 172 150 157 139 132 99 149 172 125 170 
91 153 138 110 0 134 166 165 130 161 140 120 64 124 79 127 68 144 162 156 162 81 139 181 171 136 101 115 114 149 52 157 162 160 125 130 89 131 106 152 127 145 103 123 165 78 141 114 114 118 
164 133 174 184 74 0 147 114 80 55 130 173 94 66 153 114 142 88 111 126 138 139 169 151 109 144 163 145 124 113 126 139 121 98 116 105 122 116 138 182 176 151 126 153 142 124 54 162 117 148 
112 134 152 138 154 95 0 131 175 133 149 137 125 123 132 134 151 116 133 183 61 132 61 116 154 114 157 74 155 170 120 120 119 158 95 107 133 166 122 139 200 162 176 169 132 122 122 129 152 85 
156 187 170 149 152 82 58 0 146 131 194 117 127 62 178 149 189 164 86 122 119 190 119 147 161 157 162 132 80 148 173 135 98 113 148 120 174 108 180 158 100 59 154 138 143 136 133 114 113 143 
126 142 152 109 127 108 67 144 0 118 50 131 147 125 135 118 139 151 56 134 128 135 97 117 143 127 160 77 115 118 106 109 143 60 152 144 136 162 63 185 138 114 114 146 79 106 149 124 176 134 
165 78 152 157 87 93 117 59 135 0 129 161 80 121 131 59 155 59 145 145 168 129 114 178 184 124 168 131 139 58 124 173 148 172 125 137 67 146 162 145 123 118 71 130 87 148 129 109 130 110 
142 149 102 59 127 58 152 94 116 113 0 81 126 124 137 131 89 146 96 84 106 139 139 161 147 157 133 86 111 136 56 151 124 131 129 134 142 129 91 135 148 77 64 121 55 73 112 131 145 144 
71 147 125 184 136 190 147 160 170 157 193 0 179 72 109 148 145 162 195 104 117 131 163 157 164 150 137 126 156 168 173 145 192 190 144 162 169 207 188 202 186 165 135 157 147 151 143 95 123 153 
107 110 116 116 156 140 152 158 156 118 131 106 0 70 171 128 90 80 122 96 112 109 131 122 112 145 114 51 69 95 115 93 102 96 123 125 110 140 92 147 113 143 131 59 137 124 141 146 50 54 
147 125 108 174 143 141 146 88 126 138 132 107 124 0 157 143 129 116 123 60 155 156 168 85 126 151 115 135 148 123 116 73 130 143 124 90 174 135 163 157 114 147 132 132 81 127 71 169 51 158 
88 74 164 75 137 98 148 124 143 153 138 118 122 139 0 65 145 131 144 77 164 184 120 160 132 150 89 143 51 97 64 114 83 146 119 107 150 109 140 151 135 143 136 109 150 76 152 142 72 108 
106 83 99 115 160 142 128 133 196 149 107 102 119 117 72 0 138 164 127 149 109 133 55 141 171 108 161 161 105 130 136 180 113 163 129 161 89 172 139 167 77 183 170 141 162 116 116 105 115 108 
122 176 106 134 158 146 144 98 105 143 137 112 129 77 136 132 0 121 94 134 94 189 71 149 131 84 117 172 50 143 121 139 129 148 111 106 133 63 62 149 59 157 137 108 123 118 130 105 56 124 
158 157 93 137 146 145 131 194 76 135 126 121 131 152 142 149 124 0 126 139 145 140 125 187 178 65 157 153 97 187 182 180 92 117 144 124 189 145 103 119 167 63 190 80 155 89 143 165 150 139 
70 148 107 84 71 89 76 111 77 144 112 154 103 113 150 81 139 95 0 139 137 152 136 182 87 71 160 118 86 62 121 159 87 137 134 133 146 106 140 149 127 105 68 134 146 50 126 113 135 114 
159 65 141 141 83 171 133 115 66 104 116 101 75 123 148 83 151 114 122 0 136 133 108 83 149 91 184 75 117 157 135 107 146 126 145 95 134 133 129 197 160 165 102 84 145 121 94 167 125 129 
77 109 128 77 93 195 120 117 131 175 166 141 95 140 127 73 143 55 106 132 0 167 128 55 137 120 132 126 94 119 134 182 118 172 130 150 162 105 107 153 150 118 141 133 117 144 82 68 145 111 
132 135 151 167 148 144 138 141 162 191 159 71 140 53 124 52 134 151 143 113 96 0 81 138 101 125 141 187 85 110 143 126 139 170 153 141 141 159 191 71 129 145 185 143 134 142 124 157 104 134 
51 145 158 152 112 98 73 97 141 117 112 76 64 62 102 128 125 124 72 122 75 146 0 121 116 53 141 106 133 111 164 125 58 108 110 132 149 117 156 175 139 128 115 123 125 61 61 143 113 53 
157 54 96 137 117 157 117 104 174 163 169 86 168 129 72 137 147 129 182 121 125 129 114 0 184 167 104 71 123 89 79 127 63 126 115 157 130 50 155 176 115 133 124 105 130 148 151 84 144 141 
152 61 173 122 65 129 88 73 145 137 71 92 129 135 144 139 128 91 95 128 98 121 127 153 0 74 141 157 131 122 64 72 171 119 117 126 59 139 159 73 161 65 88 122 126 83 146 155 135 148 
131 92 168 145 132 80 120 142 138 135 166 141 94 146 101 142 140 150 61 159 163 203 88 122 121 0 149 145 105 123 150 130 146 177 158 161 180 102 186 194 148 166 129 153 204 111 134 100 85 74 
71 160 114 114 136 154 160 182 173 123 160 141 102 127 136 77 133 130 164 111 75 151 132 127 184 117 0 93 103 159 121 128 146 143 110 82 132 105 51 148 58 152 135 57 114 117 129 143 126 59 
131 170 78 134 139 107 153 151 138 92 171 63 141 111 153 110 121 116 120 124 61 58 80 116 159 127 180 0 143 115 171 65 138 144 117 108 59 131 165 129 180 100 118 122 178 141 141 129 162 133 
115 142 115 115 133 140 143 154 98 142 122 173 121 147 107 82 134 160 154 145 149 139 137 124 81 155 128 170 0 94 144 151 125 144 68 56 140 74 161 154 141 146 107 58 136 84 150 91 139 112 
125 157 136 99 167 147 103 171 85 116 135 148 138 122 143 84 126 114 141 132 149 151 74 120 152 127 115 160 116 0 96 124 132 145 95 153 89 170 108 87 65 92 130 124 117 124 135 51 119 52 
148 158 157 58 123 113 180 175 165 168 127 177 174 157 136 75 81 183 146 113 128 120 130 129 119 154 77 170 67 97 0 182 123 186 73 78 86 141 128 134 135 184 174 125 113 151 89 148 137 136 
125 124 116 139 126 123 131 154 73 149 123 66 76 133 88 86 56 107 55 165 95 108 124 150 142 126 147 127 106 50 135 0 142 79 145 152 139 119 118 115 115 133 123 135 152 93 132 101 112 85 
95 160 157 164 54 160 135 154 128 152 106 138 118 124 133 92 122 66 134 184 135 135 62 108 121 115 115 150 93 129 106 181 0 63 52 149 114 135 160 151 107 117 157 112 67 123 123 127 123 115 
116 97 149 150 176 116 116 147 141 89 162 112 122 65 75 99 129 148 166 125 103 193 116 142 138 133 128 171 57 137 139 138 158 0 125 113 131 131 179 163 78 54 147 115 125 137 136 64 116 74 
86 110 105 113 92 112 110 102 170 100 54 127 144 164 124 129 143 136 143 138 138 173 163 56 167 158 63 127 165 145 110 129 119 163 0 142 150 106 114 99 121 131 118 120 109 104 112 140 71 122 
84 96 79 119 77 138 146 146 162 146 80 140 96 134 109 129 138 135 169 163 131 158 131 106 148 163 107 139 151 167 88 163 69 132 50 0 152 143 132 126 107 157 144 62 101 153 128 94 120 150 
144 142 120 120 143 148 122 109 148 147 112 133 126 115 169 104 139 194 129 175 158 62 143 114 163 68 121 177 147 160 149 183 177 149 58 160 0 144 106 133 179 158 176 63 141 162 152 159 129 142 
125 136 112 112 100 136 138 80 137 139 156 143 118 142 73 113 131 130 132 71 75 137 168 130 193 162 54 142 124 122 137 77 153 141 102 136 141 0 105 134 67 139 160 55 133 126 138 143 145 113 
165 158 156 141 158 146 165 164 150 183 161 94 84 76 151 134 110 148 127 136 148 154 154 143 133 66 160 110 52 127 83 77 127 156 120 81 92 126 0 192 119 198 159 110 157 136 86 113 127 138 
86 70 177 141 135 77 67 120 157 130 102 132 103 82 76 137 163 119 136 137 64 110 64 119 180 117 70 141 127 167 140 117 116 128 82 135 97 137 121 0 120 74 150 127 157 125 125 132 133 117 
128 152 71 96 132 115 114 154 137 149 106 83 112 122 78 143 154 129 119 139 123 136 126 108 126 142 115 163 129 170 73 157 161 139 52 142 74 115 123 90 0 126 120 79 157 59 71 175 123 85 
113 150 116 110 138 160 106 131 87 72 137 58 68 119 129 96 158 131 112 162 137 177 62 167 132 115 168 119 111 130 149 161 120 54 111 61 131 179 150 109 132 0 143 123 108 123 123 118 118 115 
138 156 156 111 63 116 119 137 169 78 58 139 111 126 123 103 131 137 115 137 139 120 99 143 113 152 104 78 120 136 53 143 97 160 120 131 137 187 149 186 162 124 0 140 113 131 58 67 161 110 
170 152 57 57 118 115 148 138 116 84 166 118 63 133 135 69 76 143 107 112 109 162 124 164 175 160 135 114 105 142 170 128 122 86 158 156 109 81 138 133 135 95 155 0 78 137 138 96 113 117 
140 162 124 124 117 127 128 205 61 151 111 124 124 134 196 136 143 165 117 164 156 84 155 178 185 188 81 125 169 81 167 123 99 121 151 121 170 127 124 155 139 138 175 67 0 71 175 132 167 133 
69 127 141 92 130 56 173 136 136 111 62 125 53 63 129 146 143 133 158 123 131 162 129 139 159 148 110 104 107 148 109 133 152 114 130 83 152 56 101 168 78 67 115 84 117 0 104 177 103 71 
110 116 164 141 120 146 133 128 111 97 116 147 160 68 186 137 103 139 57 104 84 85 166 118 55 98 125 165 143 119 119 127 144 142 62 158 114 154 165 128 162 120 125 177 149 107 0 152 119 171 
81 146 130 130 146 128 52 160 147 122 98 144 99 72 170 128 75 161 140 81 113 184 68 102 184 115 64 126 125 73 136 130 126 159 62 146 162 138 115 160 122 165 83 73 151 129 129 0 107 58 
96 165 109 123 143 90 148 114 141 87 81 56 73 128 141 92 146 65 72 127 139 142 147 129 159 130 64 124 132 87 65 114 157 92 73 143 123 169 112 150 63 128 81 109 119 122 134 138 0 123 
110 122 164 160 151 95 147 123 140 64 101 123 127 161 140 123 94 123 127 185 163 180 165 68 159 178 88 139 144 100 132 72 131 120 140 170 127 118 139 187 130 174 98 111 151 165 149 151 67 0 

Execution time is 14 ms
